param ResidualCapacity default 0 :=
[RE1,*,*]:
2015 2016 2017 2018 2019 2020 2021 2022 2023 2024 2025 2026 2027 2028 2029 2030 2031 2032 2033 2034 2035 2036 2037 2038 2039 2040 2041 2042 2043 2044 2045 2046 2047 2048 2049 2050 2051 2052 2053 2054 2055 2056 2057 2058 2059 2060 2061 2062 2063 2064 2065 2066 2067 2068 2069 2070:=
PWROHC 0.2875 0.2875 0.2875 0.2875 0.2875 0.2875 0 0 0 0 0 0 0 0 0 0 0 0 0 0 0 0 0 0 0 0 0 0 0 0 0 0 0 0 0 0 0 0 0 0 0 0 0 0 0 0 0 0 0 0 0 0 0 0 0 0
PWRTRN 1.40433 1.40433 1.40433 1.40433 1.40433 1.40433 1.40433 1.40433 1.40433 1.40433 1.40433 1.40433 1.40433 1.40433 1.40433 1.40433 1.40433 1.40433 1.40433 1.40433 1.40433 1.40433 1.40433 1.40433 1.40433 1.40433 1.40433 1.40433 1.40433 1.40433 1.40433 1.40433 1.40433 1.40433 1.40433 1.40433 0 0 0 0 0 0 0 0 0 0 0 0 0 0 0 0 0 0 0 0
PWRDIST 1.334113 1.334113 1.334113 1.334113 1.334113 1.334113 1.334113 1.334113 1.334113 1.334113 1.334113 1.334113 1.334113 1.334113 1.334113 1.334113 1.334113 1.334113 1.334113 1.334113 1.334113 1.334113 1.334113 1.334113 1.334113 1.334113 1.334113 1.334113 1.334113 1.334113 1.334113 1.334113 1.334113 1.334113 1.334113 1.334113 0 0 0 0 0 0 0 0 0 0 0 0 0 0 0 0 0 0 0 0
PWRBIO 0.09 0.09 0.09 0.09 0.09 0.09 0.09 0.09 0.09 0.09 0.09 0.09 0.09 0.09 0.09 0.09 0 0 0 0 0 0 0 0 0 0 0 0 0 0 0 0 0 0 0 0 0 0 0 0 0 0 0 0 0 0 0 0 0 0 0 0 0 0 0 0
PRWHYD 0.499 0.499 0.499 0.499 0.499 0.499 0.499 0.499 0.499 0.499 0.499 0.499 0.499 0.274 0.274 0.274 0.274 0.274 0.274 0.274 0.274 0.274 0.106 0.106 0.106 0 0 0 0 0 0 0 0 0 0 0 0 0 0 0 0 0 0 0 0 0 0 0 0 0 0 0 0 0 0 0
PWRGEO 0.419 0.419 0.419 0.419 0.419 0.419 0.419 0.419 0.419 0.419 0.419 0.419 0.419 0.419 0.419 0.419 0.419 0.419 0.419 0.419 0.419 0.419 0.419 0.419 0.279 0 0 0 0 0 0 0 0 0 0 0 0 0 0 0 0 0 0 0 0 0 0 0 0 0 0 0 0 0 0 0
PWRSOL 0.024 0.024 0.024 0.024 0.024 0.024 0.024 0.024 0.024 0.024 0.024 0.024 0.024 0.024 0.024 0.024 0.024 0.024 0.024 0.024 0.024 0.024 0.024 0 0 0 0 0 0 0 0 0 0 0 0 0 0 0 0 0 0 0 0 0 0 0 0 0 0 0 0 0 0 0 0 0
PWRWND 0.336 0.336 0.336 0.31 0.31 0.31 0.31 0.31 0.31 0.31 0.31 0.31 0.31 0.31 0.31 0.31 0.31 0.31 0.31 0.31 0.31 0.31 0.31 0.31 0.31 0.31 0.31 0 0 0 0 0 0 0 0 0 0 0 0 0 0 0 0 0 0 0 0 0 0 0 0 0 0 0 0 0
;

