###############
# Sets #
###############
#
set EMISSION := EMIC02_A EMICH4_A EMIFGA_A EMIN2O_A EMIREN_A EMIC02_B EMICH4_B EMIFGA_B EMIN2O_B EMIREN_B;
set REGION := RE1 RE2;
set MODE_OF_OPERATION := 1 ;
set FUEL := ELC001_A ELC002_A ELC003_A COA_A OIL_A NGS_A BIO_A HYD_A GEO_A URN_A SOL_A ELC001_B ELC002_B ELC003_B WND_B ELC002_AB ELC002_BA;
set STORAGE := ;
set TECHNOLOGY := BACKSTOP_A MINCOA_A MINOIL_A MINNGS_A IMPCOA_A IMPOIL_A IMPNGS_A PWRCOA_A PWROHC_A PWRNGS001_A PWRNGS002_A PWRTRN_A PWRDIST_A MINBIO_A PWRBIO_A MINHYD_A PWRHYD_A MINGEO_A PWRGEO_A MINURN_A PWRNUC_A MINSOL_A PWRSOL_A PWRWND_B PWRTRN_B PWRDIST_B MINWND_B LINFLX_A LINFLX_B;
set YEAR := 2015 2016 2017 2018 2019 2020 2021 2022 2023 2024 2025 2026 2027 2028 2029 2030 2031 2032 2033 2034 2035 2036 2037 2038 2039 2040 2041 2042 2043 2044 2045 2046 2047 2048 2049 2050 2051 2052 2053 2054 2055 2056 2057 2058 2059 2060 2061 2062 2063 2064 2065 2066 2067 2068 2069 2070 ;
set TIMESLICE := S101 S102 S103 S104 S105 S106 S107 S108 ;

#####################
# Parameters #
#####################
#
param ResultsPath :="C:\Users\";

param AccumulatedAnnualDemand default 0 :=
;

param AnnualEmissionLimit default 99999 :=
;

param AnnualExogenousEmission default 0 :=
;

param AvailabilityFactor default 1 :=
;

param CapacityFactor default 1 :=
[RE1,PWRCOA_A,*,*]:
2015 2016 2017 2018 2019 2020 2021 2022 2023 2024 2025 2026 2027 2028 2029 2030 2031 2032 2033 2034 2035 2036 2037 2038 2039 2040 2041 2042 2043 2044 2045 2046 2047 2048 2049 2050 2051 2052 2053 2054 2055 2056 2057 2058 2059 2060 2061 2062 2063 2064 2065 2066 2067 2068 2069 2070:=
S101 0.85 0.85 0.85 0.85 0.85 0.85 0.85 0.85 0.85 0.85 0.85 0.85 0.85 0.85 0.85 0.85 0.85 0.85 0.85 0.85 0.85 0.85 0.85 0.85 0.85 0.85 0.85 0.85 0.85 0.85 0.85 0.85 0.85 0.85 0.85 0.85 0.85 0.85 0.85 0.85 0.85 0.85 0.85 0.85 0.85 0.85 0.85 0.85 0.85 0.85 0.85 0.85 0.85 0.85 0.85 0.85
S102 0.85 0.85 0.85 0.85 0.85 0.85 0.85 0.85 0.85 0.85 0.85 0.85 0.85 0.85 0.85 0.85 0.85 0.85 0.85 0.85 0.85 0.85 0.85 0.85 0.85 0.85 0.85 0.85 0.85 0.85 0.85 0.85 0.85 0.85 0.85 0.85 0.85 0.85 0.85 0.85 0.85 0.85 0.85 0.85 0.85 0.85 0.85 0.85 0.85 0.85 0.85 0.85 0.85 0.85 0.85 0.85
S103 0.85 0.85 0.85 0.85 0.85 0.85 0.85 0.85 0.85 0.85 0.85 0.85 0.85 0.85 0.85 0.85 0.85 0.85 0.85 0.85 0.85 0.85 0.85 0.85 0.85 0.85 0.85 0.85 0.85 0.85 0.85 0.85 0.85 0.85 0.85 0.85 0.85 0.85 0.85 0.85 0.85 0.85 0.85 0.85 0.85 0.85 0.85 0.85 0.85 0.85 0.85 0.85 0.85 0.85 0.85 0.85
S104 0.85 0.85 0.85 0.85 0.85 0.85 0.85 0.85 0.85 0.85 0.85 0.85 0.85 0.85 0.85 0.85 0.85 0.85 0.85 0.85 0.85 0.85 0.85 0.85 0.85 0.85 0.85 0.85 0.85 0.85 0.85 0.85 0.85 0.85 0.85 0.85 0.85 0.85 0.85 0.85 0.85 0.85 0.85 0.85 0.85 0.85 0.85 0.85 0.85 0.85 0.85 0.85 0.85 0.85 0.85 0.85
S105 0.85 0.85 0.85 0.85 0.85 0.85 0.85 0.85 0.85 0.85 0.85 0.85 0.85 0.85 0.85 0.85 0.85 0.85 0.85 0.85 0.85 0.85 0.85 0.85 0.85 0.85 0.85 0.85 0.85 0.85 0.85 0.85 0.85 0.85 0.85 0.85 0.85 0.85 0.85 0.85 0.85 0.85 0.85 0.85 0.85 0.85 0.85 0.85 0.85 0.85 0.85 0.85 0.85 0.85 0.85 0.85
S106 0.85 0.85 0.85 0.85 0.85 0.85 0.85 0.85 0.85 0.85 0.85 0.85 0.85 0.85 0.85 0.85 0.85 0.85 0.85 0.85 0.85 0.85 0.85 0.85 0.85 0.85 0.85 0.85 0.85 0.85 0.85 0.85 0.85 0.85 0.85 0.85 0.85 0.85 0.85 0.85 0.85 0.85 0.85 0.85 0.85 0.85 0.85 0.85 0.85 0.85 0.85 0.85 0.85 0.85 0.85 0.85
S107 0.85 0.85 0.85 0.85 0.85 0.85 0.85 0.85 0.85 0.85 0.85 0.85 0.85 0.85 0.85 0.85 0.85 0.85 0.85 0.85 0.85 0.85 0.85 0.85 0.85 0.85 0.85 0.85 0.85 0.85 0.85 0.85 0.85 0.85 0.85 0.85 0.85 0.85 0.85 0.85 0.85 0.85 0.85 0.85 0.85 0.85 0.85 0.85 0.85 0.85 0.85 0.85 0.85 0.85 0.85 0.85
S108 0.85 0.85 0.85 0.85 0.85 0.85 0.85 0.85 0.85 0.85 0.85 0.85 0.85 0.85 0.85 0.85 0.85 0.85 0.85 0.85 0.85 0.85 0.85 0.85 0.85 0.85 0.85 0.85 0.85 0.85 0.85 0.85 0.85 0.85 0.85 0.85 0.85 0.85 0.85 0.85 0.85 0.85 0.85 0.85 0.85 0.85 0.85 0.85 0.85 0.85 0.85 0.85 0.85 0.85 0.85 0.85
[RE1,PWROHC_A,*,*]:
2015 2016 2017 2018 2019 2020 2021 2022 2023 2024 2025 2026 2027 2028 2029 2030 2031 2032 2033 2034 2035 2036 2037 2038 2039 2040 2041 2042 2043 2044 2045 2046 2047 2048 2049 2050 2051 2052 2053 2054 2055 2056 2057 2058 2059 2060 2061 2062 2063 2064 2065 2066 2067 2068 2069 2070:=
S101 0.8 0.8 0.8 0.8 0.8 0.8 0.8 0.8 0.8 0.8 0.8 0.8 0.8 0.8 0.8 0.8 0.8 0.8 0.8 0.8 0.8 0.8 0.8 0.8 0.8 0.8 0.8 0.8 0.8 0.8 0.8 0.8 0.8 0.8 0.8 0.8 0.8 0.8 0.8 0.8 0.8 0.8 0.8 0.8 0.8 0.8 0.8 0.8 0.8 0.8 0.8 0.8 0.8 0.8 0.8 0.8
S102 0.8 0.8 0.8 0.8 0.8 0.8 0.8 0.8 0.8 0.8 0.8 0.8 0.8 0.8 0.8 0.8 0.8 0.8 0.8 0.8 0.8 0.8 0.8 0.8 0.8 0.8 0.8 0.8 0.8 0.8 0.8 0.8 0.8 0.8 0.8 0.8 0.8 0.8 0.8 0.8 0.8 0.8 0.8 0.8 0.8 0.8 0.8 0.8 0.8 0.8 0.8 0.8 0.8 0.8 0.8 0.8
S103 0.8 0.8 0.8 0.8 0.8 0.8 0.8 0.8 0.8 0.8 0.8 0.8 0.8 0.8 0.8 0.8 0.8 0.8 0.8 0.8 0.8 0.8 0.8 0.8 0.8 0.8 0.8 0.8 0.8 0.8 0.8 0.8 0.8 0.8 0.8 0.8 0.8 0.8 0.8 0.8 0.8 0.8 0.8 0.8 0.8 0.8 0.8 0.8 0.8 0.8 0.8 0.8 0.8 0.8 0.8 0.8
S104 0.8 0.8 0.8 0.8 0.8 0.8 0.8 0.8 0.8 0.8 0.8 0.8 0.8 0.8 0.8 0.8 0.8 0.8 0.8 0.8 0.8 0.8 0.8 0.8 0.8 0.8 0.8 0.8 0.8 0.8 0.8 0.8 0.8 0.8 0.8 0.8 0.8 0.8 0.8 0.8 0.8 0.8 0.8 0.8 0.8 0.8 0.8 0.8 0.8 0.8 0.8 0.8 0.8 0.8 0.8 0.8
S105 0.8 0.8 0.8 0.8 0.8 0.8 0.8 0.8 0.8 0.8 0.8 0.8 0.8 0.8 0.8 0.8 0.8 0.8 0.8 0.8 0.8 0.8 0.8 0.8 0.8 0.8 0.8 0.8 0.8 0.8 0.8 0.8 0.8 0.8 0.8 0.8 0.8 0.8 0.8 0.8 0.8 0.8 0.8 0.8 0.8 0.8 0.8 0.8 0.8 0.8 0.8 0.8 0.8 0.8 0.8 0.8
S106 0.8 0.8 0.8 0.8 0.8 0.8 0.8 0.8 0.8 0.8 0.8 0.8 0.8 0.8 0.8 0.8 0.8 0.8 0.8 0.8 0.8 0.8 0.8 0.8 0.8 0.8 0.8 0.8 0.8 0.8 0.8 0.8 0.8 0.8 0.8 0.8 0.8 0.8 0.8 0.8 0.8 0.8 0.8 0.8 0.8 0.8 0.8 0.8 0.8 0.8 0.8 0.8 0.8 0.8 0.8 0.8
S107 0.8 0.8 0.8 0.8 0.8 0.8 0.8 0.8 0.8 0.8 0.8 0.8 0.8 0.8 0.8 0.8 0.8 0.8 0.8 0.8 0.8 0.8 0.8 0.8 0.8 0.8 0.8 0.8 0.8 0.8 0.8 0.8 0.8 0.8 0.8 0.8 0.8 0.8 0.8 0.8 0.8 0.8 0.8 0.8 0.8 0.8 0.8 0.8 0.8 0.8 0.8 0.8 0.8 0.8 0.8 0.8
S108 0.8 0.8 0.8 0.8 0.8 0.8 0.8 0.8 0.8 0.8 0.8 0.8 0.8 0.8 0.8 0.8 0.8 0.8 0.8 0.8 0.8 0.8 0.8 0.8 0.8 0.8 0.8 0.8 0.8 0.8 0.8 0.8 0.8 0.8 0.8 0.8 0.8 0.8 0.8 0.8 0.8 0.8 0.8 0.8 0.8 0.8 0.8 0.8 0.8 0.8 0.8 0.8 0.8 0.8 0.8 0.8
[RE1,PWRNGS001_A,*,*]:
2015 2016 2017 2018 2019 2020 2021 2022 2023 2024 2025 2026 2027 2028 2029 2030 2031 2032 2033 2034 2035 2036 2037 2038 2039 2040 2041 2042 2043 2044 2045 2046 2047 2048 2049 2050 2051 2052 2053 2054 2055 2056 2057 2058 2059 2060 2061 2062 2063 2064 2065 2066 2067 2068 2069 2070:=
S101 0.85 0.85 0.85 0.85 0.85 0.85 0.85 0.85 0.85 0.85 0.85 0.85 0.85 0.85 0.85 0.85 0.85 0.85 0.85 0.85 0.85 0.85 0.85 0.85 0.85 0.85 0.85 0.85 0.85 0.85 0.85 0.85 0.85 0.85 0.85 0.85 0.85 0.85 0.85 0.85 0.85 0.85 0.85 0.85 0.85 0.85 0.85 0.85 0.85 0.85 0.85 0.85 0.85 0.85 0.85 0.85
S102 0.85 0.85 0.85 0.85 0.85 0.85 0.85 0.85 0.85 0.85 0.85 0.85 0.85 0.85 0.85 0.85 0.85 0.85 0.85 0.85 0.85 0.85 0.85 0.85 0.85 0.85 0.85 0.85 0.85 0.85 0.85 0.85 0.85 0.85 0.85 0.85 0.85 0.85 0.85 0.85 0.85 0.85 0.85 0.85 0.85 0.85 0.85 0.85 0.85 0.85 0.85 0.85 0.85 0.85 0.85 0.85
S103 0.85 0.85 0.85 0.85 0.85 0.85 0.85 0.85 0.85 0.85 0.85 0.85 0.85 0.85 0.85 0.85 0.85 0.85 0.85 0.85 0.85 0.85 0.85 0.85 0.85 0.85 0.85 0.85 0.85 0.85 0.85 0.85 0.85 0.85 0.85 0.85 0.85 0.85 0.85 0.85 0.85 0.85 0.85 0.85 0.85 0.85 0.85 0.85 0.85 0.85 0.85 0.85 0.85 0.85 0.85 0.85
S104 0.85 0.85 0.85 0.85 0.85 0.85 0.85 0.85 0.85 0.85 0.85 0.85 0.85 0.85 0.85 0.85 0.85 0.85 0.85 0.85 0.85 0.85 0.85 0.85 0.85 0.85 0.85 0.85 0.85 0.85 0.85 0.85 0.85 0.85 0.85 0.85 0.85 0.85 0.85 0.85 0.85 0.85 0.85 0.85 0.85 0.85 0.85 0.85 0.85 0.85 0.85 0.85 0.85 0.85 0.85 0.85
S105 0.85 0.85 0.85 0.85 0.85 0.85 0.85 0.85 0.85 0.85 0.85 0.85 0.85 0.85 0.85 0.85 0.85 0.85 0.85 0.85 0.85 0.85 0.85 0.85 0.85 0.85 0.85 0.85 0.85 0.85 0.85 0.85 0.85 0.85 0.85 0.85 0.85 0.85 0.85 0.85 0.85 0.85 0.85 0.85 0.85 0.85 0.85 0.85 0.85 0.85 0.85 0.85 0.85 0.85 0.85 0.85
S106 0.85 0.85 0.85 0.85 0.85 0.85 0.85 0.85 0.85 0.85 0.85 0.85 0.85 0.85 0.85 0.85 0.85 0.85 0.85 0.85 0.85 0.85 0.85 0.85 0.85 0.85 0.85 0.85 0.85 0.85 0.85 0.85 0.85 0.85 0.85 0.85 0.85 0.85 0.85 0.85 0.85 0.85 0.85 0.85 0.85 0.85 0.85 0.85 0.85 0.85 0.85 0.85 0.85 0.85 0.85 0.85
S107 0.85 0.85 0.85 0.85 0.85 0.85 0.85 0.85 0.85 0.85 0.85 0.85 0.85 0.85 0.85 0.85 0.85 0.85 0.85 0.85 0.85 0.85 0.85 0.85 0.85 0.85 0.85 0.85 0.85 0.85 0.85 0.85 0.85 0.85 0.85 0.85 0.85 0.85 0.85 0.85 0.85 0.85 0.85 0.85 0.85 0.85 0.85 0.85 0.85 0.85 0.85 0.85 0.85 0.85 0.85 0.85
S108 0.85 0.85 0.85 0.85 0.85 0.85 0.85 0.85 0.85 0.85 0.85 0.85 0.85 0.85 0.85 0.85 0.85 0.85 0.85 0.85 0.85 0.85 0.85 0.85 0.85 0.85 0.85 0.85 0.85 0.85 0.85 0.85 0.85 0.85 0.85 0.85 0.85 0.85 0.85 0.85 0.85 0.85 0.85 0.85 0.85 0.85 0.85 0.85 0.85 0.85 0.85 0.85 0.85 0.85 0.85 0.85
[RE1,PWRNGS002_A,*,*]:
2015 2016 2017 2018 2019 2020 2021 2022 2023 2024 2025 2026 2027 2028 2029 2030 2031 2032 2033 2034 2035 2036 2037 2038 2039 2040 2041 2042 2043 2044 2045 2046 2047 2048 2049 2050 2051 2052 2053 2054 2055 2056 2057 2058 2059 2060 2061 2062 2063 2064 2065 2066 2067 2068 2069 2070:=
S101 0.85 0.85 0.85 0.85 0.85 0.85 0.85 0.85 0.85 0.85 0.85 0.85 0.85 0.85 0.85 0.85 0.85 0.85 0.85 0.85 0.85 0.85 0.85 0.85 0.85 0.85 0.85 0.85 0.85 0.85 0.85 0.85 0.85 0.85 0.85 0.85 0.85 0.85 0.85 0.85 0.85 0.85 0.85 0.85 0.85 0.85 0.85 0.85 0.85 0.85 0.85 0.85 0.85 0.85 0.85 0.85
S102 0.85 0.85 0.85 0.85 0.85 0.85 0.85 0.85 0.85 0.85 0.85 0.85 0.85 0.85 0.85 0.85 0.85 0.85 0.85 0.85 0.85 0.85 0.85 0.85 0.85 0.85 0.85 0.85 0.85 0.85 0.85 0.85 0.85 0.85 0.85 0.85 0.85 0.85 0.85 0.85 0.85 0.85 0.85 0.85 0.85 0.85 0.85 0.85 0.85 0.85 0.85 0.85 0.85 0.85 0.85 0.85
S103 0.85 0.85 0.85 0.85 0.85 0.85 0.85 0.85 0.85 0.85 0.85 0.85 0.85 0.85 0.85 0.85 0.85 0.85 0.85 0.85 0.85 0.85 0.85 0.85 0.85 0.85 0.85 0.85 0.85 0.85 0.85 0.85 0.85 0.85 0.85 0.85 0.85 0.85 0.85 0.85 0.85 0.85 0.85 0.85 0.85 0.85 0.85 0.85 0.85 0.85 0.85 0.85 0.85 0.85 0.85 0.85
S104 0.85 0.85 0.85 0.85 0.85 0.85 0.85 0.85 0.85 0.85 0.85 0.85 0.85 0.85 0.85 0.85 0.85 0.85 0.85 0.85 0.85 0.85 0.85 0.85 0.85 0.85 0.85 0.85 0.85 0.85 0.85 0.85 0.85 0.85 0.85 0.85 0.85 0.85 0.85 0.85 0.85 0.85 0.85 0.85 0.85 0.85 0.85 0.85 0.85 0.85 0.85 0.85 0.85 0.85 0.85 0.85
S105 0.85 0.85 0.85 0.85 0.85 0.85 0.85 0.85 0.85 0.85 0.85 0.85 0.85 0.85 0.85 0.85 0.85 0.85 0.85 0.85 0.85 0.85 0.85 0.85 0.85 0.85 0.85 0.85 0.85 0.85 0.85 0.85 0.85 0.85 0.85 0.85 0.85 0.85 0.85 0.85 0.85 0.85 0.85 0.85 0.85 0.85 0.85 0.85 0.85 0.85 0.85 0.85 0.85 0.85 0.85 0.85
S106 0.85 0.85 0.85 0.85 0.85 0.85 0.85 0.85 0.85 0.85 0.85 0.85 0.85 0.85 0.85 0.85 0.85 0.85 0.85 0.85 0.85 0.85 0.85 0.85 0.85 0.85 0.85 0.85 0.85 0.85 0.85 0.85 0.85 0.85 0.85 0.85 0.85 0.85 0.85 0.85 0.85 0.85 0.85 0.85 0.85 0.85 0.85 0.85 0.85 0.85 0.85 0.85 0.85 0.85 0.85 0.85
S107 0.85 0.85 0.85 0.85 0.85 0.85 0.85 0.85 0.85 0.85 0.85 0.85 0.85 0.85 0.85 0.85 0.85 0.85 0.85 0.85 0.85 0.85 0.85 0.85 0.85 0.85 0.85 0.85 0.85 0.85 0.85 0.85 0.85 0.85 0.85 0.85 0.85 0.85 0.85 0.85 0.85 0.85 0.85 0.85 0.85 0.85 0.85 0.85 0.85 0.85 0.85 0.85 0.85 0.85 0.85 0.85
S108 0.85 0.85 0.85 0.85 0.85 0.85 0.85 0.85 0.85 0.85 0.85 0.85 0.85 0.85 0.85 0.85 0.85 0.85 0.85 0.85 0.85 0.85 0.85 0.85 0.85 0.85 0.85 0.85 0.85 0.85 0.85 0.85 0.85 0.85 0.85 0.85 0.85 0.85 0.85 0.85 0.85 0.85 0.85 0.85 0.85 0.85 0.85 0.85 0.85 0.85 0.85 0.85 0.85 0.85 0.85 0.85
[RE1,PWRBIO_A,*,*]:
2015 2016 2017 2018 2019 2020 2021 2022 2023 2024 2025 2026 2027 2028 2029 2030 2031 2032 2033 2034 2035 2036 2037 2038 2039 2040 2041 2042 2043 2044 2045 2046 2047 2048 2049 2050 2051 2052 2053 2054 2055 2056 2057 2058 2059 2060 2061 2062 2063 2064 2065 2066 2067 2068 2069 2070:=
S101 0.5 0.5 0.5 0.5 0.5 0.5 0.5 0.5 0.5 0.5 0.5 0.5 0.5 0.5 0.5 0.5 0.5 0.5 0.5 0.5 0.5 0.5 0.5 0.5 0.5 0.5 0.5 0.5 0.5 0.5 0.5 0.5 0.5 0.5 0.5 0.5 0.5 0.5 0.5 0.5 0.5 0.5 0.5 0.5 0.5 0.5 0.5 0.5 0.5 0.5 0.5 0.5 0.5 0.5 0.5 0.5
S102 0.5 0.5 0.5 0.5 0.5 0.5 0.5 0.5 0.5 0.5 0.5 0.5 0.5 0.5 0.5 0.5 0.5 0.5 0.5 0.5 0.5 0.5 0.5 0.5 0.5 0.5 0.5 0.5 0.5 0.5 0.5 0.5 0.5 0.5 0.5 0.5 0.5 0.5 0.5 0.5 0.5 0.5 0.5 0.5 0.5 0.5 0.5 0.5 0.5 0.5 0.5 0.5 0.5 0.5 0.5 0.5
S103 0.5 0.5 0.5 0.5 0.5 0.5 0.5 0.5 0.5 0.5 0.5 0.5 0.5 0.5 0.5 0.5 0.5 0.5 0.5 0.5 0.5 0.5 0.5 0.5 0.5 0.5 0.5 0.5 0.5 0.5 0.5 0.5 0.5 0.5 0.5 0.5 0.5 0.5 0.5 0.5 0.5 0.5 0.5 0.5 0.5 0.5 0.5 0.5 0.5 0.5 0.5 0.5 0.5 0.5 0.5 0.5
S104 0.5 0.5 0.5 0.5 0.5 0.5 0.5 0.5 0.5 0.5 0.5 0.5 0.5 0.5 0.5 0.5 0.5 0.5 0.5 0.5 0.5 0.5 0.5 0.5 0.5 0.5 0.5 0.5 0.5 0.5 0.5 0.5 0.5 0.5 0.5 0.5 0.5 0.5 0.5 0.5 0.5 0.5 0.5 0.5 0.5 0.5 0.5 0.5 0.5 0.5 0.5 0.5 0.5 0.5 0.5 0.5
S105 0.5 0.5 0.5 0.5 0.5 0.5 0.5 0.5 0.5 0.5 0.5 0.5 0.5 0.5 0.5 0.5 0.5 0.5 0.5 0.5 0.5 0.5 0.5 0.5 0.5 0.5 0.5 0.5 0.5 0.5 0.5 0.5 0.5 0.5 0.5 0.5 0.5 0.5 0.5 0.5 0.5 0.5 0.5 0.5 0.5 0.5 0.5 0.5 0.5 0.5 0.5 0.5 0.5 0.5 0.5 0.5
S106 0.5 0.5 0.5 0.5 0.5 0.5 0.5 0.5 0.5 0.5 0.5 0.5 0.5 0.5 0.5 0.5 0.5 0.5 0.5 0.5 0.5 0.5 0.5 0.5 0.5 0.5 0.5 0.5 0.5 0.5 0.5 0.5 0.5 0.5 0.5 0.5 0.5 0.5 0.5 0.5 0.5 0.5 0.5 0.5 0.5 0.5 0.5 0.5 0.5 0.5 0.5 0.5 0.5 0.5 0.5 0.5
S107 0.5 0.5 0.5 0.5 0.5 0.5 0.5 0.5 0.5 0.5 0.5 0.5 0.5 0.5 0.5 0.5 0.5 0.5 0.5 0.5 0.5 0.5 0.5 0.5 0.5 0.5 0.5 0.5 0.5 0.5 0.5 0.5 0.5 0.5 0.5 0.5 0.5 0.5 0.5 0.5 0.5 0.5 0.5 0.5 0.5 0.5 0.5 0.5 0.5 0.5 0.5 0.5 0.5 0.5 0.5 0.5
S108 0.5 0.5 0.5 0.5 0.5 0.5 0.5 0.5 0.5 0.5 0.5 0.5 0.5 0.5 0.5 0.5 0.5 0.5 0.5 0.5 0.5 0.5 0.5 0.5 0.5 0.5 0.5 0.5 0.5 0.5 0.5 0.5 0.5 0.5 0.5 0.5 0.5 0.5 0.5 0.5 0.5 0.5 0.5 0.5 0.5 0.5 0.5 0.5 0.5 0.5 0.5 0.5 0.5 0.5 0.5 0.5
[RE1,PWRHYD_A,*,*]:
2015 2016 2017 2018 2019 2020 2021 2022 2023 2024 2025 2026 2027 2028 2029 2030 2031 2032 2033 2034 2035 2036 2037 2038 2039 2040 2041 2042 2043 2044 2045 2046 2047 2048 2049 2050 2051 2052 2053 2054 2055 2056 2057 2058 2059 2060 2061 2062 2063 2064 2065 2066 2067 2068 2069 2070:=
S101 0.396238763 0.396238763 0.396238763 0.396238763 0.396238763 0.396238763 0.396238763 0.396238763 0.396238763 0.396238763 0.396238763 0.396238763 0.396238763 0.396238763 0.396238763 0.396238763 0.396238763 0.396238763 0.396238763 0.396238763 0.396238763 0.396238763 0.396238763 0.396238763 0.396238763 0.396238763 0.396238763 0.396238763 0.396238763 0.396238763 0.396238763 0.396238763 0.396238763 0.396238763 0.396238763 0.396238763 0.396238763 0.396238763 0.396238763 0.396238763 0.396238763 0.396238763 0.396238763 0.396238763 0.396238763 0.396238763 0.396238763 0.396238763 0.396238763 0.396238763 0.396238763 0.396238763 0.396238763 0.396238763 0.396238763 0.396238763
S102 0.396238763 0.396238763 0.396238763 0.396238763 0.396238763 0.396238763 0.396238763 0.396238763 0.396238763 0.396238763 0.396238763 0.396238763 0.396238763 0.396238763 0.396238763 0.396238763 0.396238763 0.396238763 0.396238763 0.396238763 0.396238763 0.396238763 0.396238763 0.396238763 0.396238763 0.396238763 0.396238763 0.396238763 0.396238763 0.396238763 0.396238763 0.396238763 0.396238763 0.396238763 0.396238763 0.396238763 0.396238763 0.396238763 0.396238763 0.396238763 0.396238763 0.396238763 0.396238763 0.396238763 0.396238763 0.396238763 0.396238763 0.396238763 0.396238763 0.396238763 0.396238763 0.396238763 0.396238763 0.396238763 0.396238763 0.396238763
S103 0.672067048 0.672067048 0.672067048 0.672067048 0.672067048 0.672067048 0.672067048 0.672067048 0.672067048 0.672067048 0.672067048 0.672067048 0.672067048 0.672067048 0.672067048 0.672067048 0.672067048 0.672067048 0.672067048 0.672067048 0.672067048 0.672067048 0.672067048 0.672067048 0.672067048 0.672067048 0.672067048 0.672067048 0.672067048 0.672067048 0.672067048 0.672067048 0.672067048 0.672067048 0.672067048 0.672067048 0.672067048 0.672067048 0.672067048 0.672067048 0.672067048 0.672067048 0.672067048 0.672067048 0.672067048 0.672067048 0.672067048 0.672067048 0.672067048 0.672067048 0.672067048 0.672067048 0.672067048 0.672067048 0.672067048 0.672067048
S104 0.672067048 0.672067048 0.672067048 0.672067048 0.672067048 0.672067048 0.672067048 0.672067048 0.672067048 0.672067048 0.672067048 0.672067048 0.672067048 0.672067048 0.672067048 0.672067048 0.672067048 0.672067048 0.672067048 0.672067048 0.672067048 0.672067048 0.672067048 0.672067048 0.672067048 0.672067048 0.672067048 0.672067048 0.672067048 0.672067048 0.672067048 0.672067048 0.672067048 0.672067048 0.672067048 0.672067048 0.672067048 0.672067048 0.672067048 0.672067048 0.672067048 0.672067048 0.672067048 0.672067048 0.672067048 0.672067048 0.672067048 0.672067048 0.672067048 0.672067048 0.672067048 0.672067048 0.672067048 0.672067048 0.672067048 0.672067048
S105 0.290540363 0.290540363 0.290540363 0.290540363 0.290540363 0.290540363 0.290540363 0.290540363 0.290540363 0.290540363 0.290540363 0.290540363 0.290540363 0.290540363 0.290540363 0.290540363 0.290540363 0.290540363 0.290540363 0.290540363 0.290540363 0.290540363 0.290540363 0.290540363 0.290540363 0.290540363 0.290540363 0.290540363 0.290540363 0.290540363 0.290540363 0.290540363 0.290540363 0.290540363 0.290540363 0.290540363 0.290540363 0.290540363 0.290540363 0.290540363 0.290540363 0.290540363 0.290540363 0.290540363 0.290540363 0.290540363 0.290540363 0.290540363 0.290540363 0.290540363 0.290540363 0.290540363 0.290540363 0.290540363 0.290540363 0.290540363
S106 0.290540363 0.290540363 0.290540363 0.290540363 0.290540363 0.290540363 0.290540363 0.290540363 0.290540363 0.290540363 0.290540363 0.290540363 0.290540363 0.290540363 0.290540363 0.290540363 0.290540363 0.290540363 0.290540363 0.290540363 0.290540363 0.290540363 0.290540363 0.290540363 0.290540363 0.290540363 0.290540363 0.290540363 0.290540363 0.290540363 0.290540363 0.290540363 0.290540363 0.290540363 0.290540363 0.290540363 0.290540363 0.290540363 0.290540363 0.290540363 0.290540363 0.290540363 0.290540363 0.290540363 0.290540363 0.290540363 0.290540363 0.290540363 0.290540363 0.290540363 0.290540363 0.290540363 0.290540363 0.290540363 0.290540363 0.290540363
S107 0.558448359 0.558448359 0.558448359 0.558448359 0.558448359 0.558448359 0.558448359 0.558448359 0.558448359 0.558448359 0.558448359 0.558448359 0.558448359 0.558448359 0.558448359 0.558448359 0.558448359 0.558448359 0.558448359 0.558448359 0.558448359 0.558448359 0.558448359 0.558448359 0.558448359 0.558448359 0.558448359 0.558448359 0.558448359 0.558448359 0.558448359 0.558448359 0.558448359 0.558448359 0.558448359 0.558448359 0.558448359 0.558448359 0.558448359 0.558448359 0.558448359 0.558448359 0.558448359 0.558448359 0.558448359 0.558448359 0.558448359 0.558448359 0.558448359 0.558448359 0.558448359 0.558448359 0.558448359 0.558448359 0.558448359 0.558448359
S108 0.558448359 0.558448359 0.558448359 0.558448359 0.558448359 0.558448359 0.558448359 0.558448359 0.558448359 0.558448359 0.558448359 0.558448359 0.558448359 0.558448359 0.558448359 0.558448359 0.558448359 0.558448359 0.558448359 0.558448359 0.558448359 0.558448359 0.558448359 0.558448359 0.558448359 0.558448359 0.558448359 0.558448359 0.558448359 0.558448359 0.558448359 0.558448359 0.558448359 0.558448359 0.558448359 0.558448359 0.558448359 0.558448359 0.558448359 0.558448359 0.558448359 0.558448359 0.558448359 0.558448359 0.558448359 0.558448359 0.558448359 0.558448359 0.558448359 0.558448359 0.558448359 0.558448359 0.558448359 0.558448359 0.558448359 0.558448359
[RE1,PWRGEO_A,*,*]:
2015 2016 2017 2018 2019 2020 2021 2022 2023 2024 2025 2026 2027 2028 2029 2030 2031 2032 2033 2034 2035 2036 2037 2038 2039 2040 2041 2042 2043 2044 2045 2046 2047 2048 2049 2050 2051 2052 2053 2054 2055 2056 2057 2058 2059 2060 2061 2062 2063 2064 2065 2066 2067 2068 2069 2070:=
S101 0.794 0.794 0.794 0.794 0.794 0.794 0.794 0.794 0.794 0.794 0.794 0.794 0.794 0.794 0.794 0.794 0.794 0.794 0.794 0.794 0.794 0.794 0.794 0.794 0.794 0.794 0.794 0.794 0.794 0.794 0.794 0.794 0.794 0.794 0.794 0.794 0.794 0.794 0.794 0.794 0.794 0.794 0.794 0.794 0.794 0.794 0.794 0.794 0.794 0.794 0.794 0.794 0.794 0.794 0.794 0.794
S102 0.794 0.794 0.794 0.794 0.794 0.794 0.794 0.794 0.794 0.794 0.794 0.794 0.794 0.794 0.794 0.794 0.794 0.794 0.794 0.794 0.794 0.794 0.794 0.794 0.794 0.794 0.794 0.794 0.794 0.794 0.794 0.794 0.794 0.794 0.794 0.794 0.794 0.794 0.794 0.794 0.794 0.794 0.794 0.794 0.794 0.794 0.794 0.794 0.794 0.794 0.794 0.794 0.794 0.794 0.794 0.794
S103 0.794 0.794 0.794 0.794 0.794 0.794 0.794 0.794 0.794 0.794 0.794 0.794 0.794 0.794 0.794 0.794 0.794 0.794 0.794 0.794 0.794 0.794 0.794 0.794 0.794 0.794 0.794 0.794 0.794 0.794 0.794 0.794 0.794 0.794 0.794 0.794 0.794 0.794 0.794 0.794 0.794 0.794 0.794 0.794 0.794 0.794 0.794 0.794 0.794 0.794 0.794 0.794 0.794 0.794 0.794 0.794
S104 0.794 0.794 0.794 0.794 0.794 0.794 0.794 0.794 0.794 0.794 0.794 0.794 0.794 0.794 0.794 0.794 0.794 0.794 0.794 0.794 0.794 0.794 0.794 0.794 0.794 0.794 0.794 0.794 0.794 0.794 0.794 0.794 0.794 0.794 0.794 0.794 0.794 0.794 0.794 0.794 0.794 0.794 0.794 0.794 0.794 0.794 0.794 0.794 0.794 0.794 0.794 0.794 0.794 0.794 0.794 0.794
S105 0.794 0.794 0.794 0.794 0.794 0.794 0.794 0.794 0.794 0.794 0.794 0.794 0.794 0.794 0.794 0.794 0.794 0.794 0.794 0.794 0.794 0.794 0.794 0.794 0.794 0.794 0.794 0.794 0.794 0.794 0.794 0.794 0.794 0.794 0.794 0.794 0.794 0.794 0.794 0.794 0.794 0.794 0.794 0.794 0.794 0.794 0.794 0.794 0.794 0.794 0.794 0.794 0.794 0.794 0.794 0.794
S106 0.794 0.794 0.794 0.794 0.794 0.794 0.794 0.794 0.794 0.794 0.794 0.794 0.794 0.794 0.794 0.794 0.794 0.794 0.794 0.794 0.794 0.794 0.794 0.794 0.794 0.794 0.794 0.794 0.794 0.794 0.794 0.794 0.794 0.794 0.794 0.794 0.794 0.794 0.794 0.794 0.794 0.794 0.794 0.794 0.794 0.794 0.794 0.794 0.794 0.794 0.794 0.794 0.794 0.794 0.794 0.794
S107 0.794 0.794 0.794 0.794 0.794 0.794 0.794 0.794 0.794 0.794 0.794 0.794 0.794 0.794 0.794 0.794 0.794 0.794 0.794 0.794 0.794 0.794 0.794 0.794 0.794 0.794 0.794 0.794 0.794 0.794 0.794 0.794 0.794 0.794 0.794 0.794 0.794 0.794 0.794 0.794 0.794 0.794 0.794 0.794 0.794 0.794 0.794 0.794 0.794 0.794 0.794 0.794 0.794 0.794 0.794 0.794
S108 0.794 0.794 0.794 0.794 0.794 0.794 0.794 0.794 0.794 0.794 0.794 0.794 0.794 0.794 0.794 0.794 0.794 0.794 0.794 0.794 0.794 0.794 0.794 0.794 0.794 0.794 0.794 0.794 0.794 0.794 0.794 0.794 0.794 0.794 0.794 0.794 0.794 0.794 0.794 0.794 0.794 0.794 0.794 0.794 0.794 0.794 0.794 0.794 0.794 0.794 0.794 0.794 0.794 0.794 0.794 0.794
[RE1,PWRNUC_A,*,*]:
2015 2016 2017 2018 2019 2020 2021 2022 2023 2024 2025 2026 2027 2028 2029 2030 2031 2032 2033 2034 2035 2036 2037 2038 2039 2040 2041 2042 2043 2044 2045 2046 2047 2048 2049 2050 2051 2052 2053 2054 2055 2056 2057 2058 2059 2060 2061 2062 2063 2064 2065 2066 2067 2068 2069 2070:=
S101 0.85 0.85 0.85 0.85 0.85 0.85 0.85 0.85 0.85 0.85 0.85 0.85 0.85 0.85 0.85 0.85 0.85 0.85 0.85 0.85 0.85 0.85 0.85 0.85 0.85 0.85 0.85 0.85 0.85 0.85 0.85 0.85 0.85 0.85 0.85 0.85 0.85 0.85 0.85 0.85 0.85 0.85 0.85 0.85 0.85 0.85 0.85 0.85 0.85 0.85 0.85 0.85 0.85 0.85 0.85 0.85
S102 0.85 0.85 0.85 0.85 0.85 0.85 0.85 0.85 0.85 0.85 0.85 0.85 0.85 0.85 0.85 0.85 0.85 0.85 0.85 0.85 0.85 0.85 0.85 0.85 0.85 0.85 0.85 0.85 0.85 0.85 0.85 0.85 0.85 0.85 0.85 0.85 0.85 0.85 0.85 0.85 0.85 0.85 0.85 0.85 0.85 0.85 0.85 0.85 0.85 0.85 0.85 0.85 0.85 0.85 0.85 0.85
S103 0.85 0.85 0.85 0.85 0.85 0.85 0.85 0.85 0.85 0.85 0.85 0.85 0.85 0.85 0.85 0.85 0.85 0.85 0.85 0.85 0.85 0.85 0.85 0.85 0.85 0.85 0.85 0.85 0.85 0.85 0.85 0.85 0.85 0.85 0.85 0.85 0.85 0.85 0.85 0.85 0.85 0.85 0.85 0.85 0.85 0.85 0.85 0.85 0.85 0.85 0.85 0.85 0.85 0.85 0.85 0.85
S104 0.85 0.85 0.85 0.85 0.85 0.85 0.85 0.85 0.85 0.85 0.85 0.85 0.85 0.85 0.85 0.85 0.85 0.85 0.85 0.85 0.85 0.85 0.85 0.85 0.85 0.85 0.85 0.85 0.85 0.85 0.85 0.85 0.85 0.85 0.85 0.85 0.85 0.85 0.85 0.85 0.85 0.85 0.85 0.85 0.85 0.85 0.85 0.85 0.85 0.85 0.85 0.85 0.85 0.85 0.85 0.85
S105 0.85 0.85 0.85 0.85 0.85 0.85 0.85 0.85 0.85 0.85 0.85 0.85 0.85 0.85 0.85 0.85 0.85 0.85 0.85 0.85 0.85 0.85 0.85 0.85 0.85 0.85 0.85 0.85 0.85 0.85 0.85 0.85 0.85 0.85 0.85 0.85 0.85 0.85 0.85 0.85 0.85 0.85 0.85 0.85 0.85 0.85 0.85 0.85 0.85 0.85 0.85 0.85 0.85 0.85 0.85 0.85
S106 0.85 0.85 0.85 0.85 0.85 0.85 0.85 0.85 0.85 0.85 0.85 0.85 0.85 0.85 0.85 0.85 0.85 0.85 0.85 0.85 0.85 0.85 0.85 0.85 0.85 0.85 0.85 0.85 0.85 0.85 0.85 0.85 0.85 0.85 0.85 0.85 0.85 0.85 0.85 0.85 0.85 0.85 0.85 0.85 0.85 0.85 0.85 0.85 0.85 0.85 0.85 0.85 0.85 0.85 0.85 0.85
S107 0.85 0.85 0.85 0.85 0.85 0.85 0.85 0.85 0.85 0.85 0.85 0.85 0.85 0.85 0.85 0.85 0.85 0.85 0.85 0.85 0.85 0.85 0.85 0.85 0.85 0.85 0.85 0.85 0.85 0.85 0.85 0.85 0.85 0.85 0.85 0.85 0.85 0.85 0.85 0.85 0.85 0.85 0.85 0.85 0.85 0.85 0.85 0.85 0.85 0.85 0.85 0.85 0.85 0.85 0.85 0.85
S108 0.85 0.85 0.85 0.85 0.85 0.85 0.85 0.85 0.85 0.85 0.85 0.85 0.85 0.85 0.85 0.85 0.85 0.85 0.85 0.85 0.85 0.85 0.85 0.85 0.85 0.85 0.85 0.85 0.85 0.85 0.85 0.85 0.85 0.85 0.85 0.85 0.85 0.85 0.85 0.85 0.85 0.85 0.85 0.85 0.85 0.85 0.85 0.85 0.85 0.85 0.85 0.85 0.85 0.85 0.85 0.85
[RE1,PWRSOL_A,*,*]:
2015 2016 2017 2018 2019 2020 2021 2022 2023 2024 2025 2026 2027 2028 2029 2030 2031 2032 2033 2034 2035 2036 2037 2038 2039 2040 2041 2042 2043 2044 2045 2046 2047 2048 2049 2050 2051 2052 2053 2054 2055 2056 2057 2058 2059 2060 2061 2062 2063 2064 2065 2066 2067 2068 2069 2070:=
S101 0 0 0 0 0 0 0 0 0 0 0 0 0 0 0 0 0 0 0 0 0 0 0 0 0 0 0 0 0 0 0 0 0 0 0 0 0 0 0 0 0 0 0 0 0 0 0 0 0 0 0 0 0 0 0 0
S102 0.33512037 0.33512037 0.33512037 0.33512037 0.33512037 0.33512037 0.33512037 0.33512037 0.33512037 0.33512037 0.33512037 0.33512037 0.33512037 0.33512037 0.33512037 0.33512037 0.33512037 0.33512037 0.33512037 0.33512037 0.33512037 0.33512037 0.33512037 0.33512037 0.33512037 0.33512037 0.33512037 0.33512037 0.33512037 0.33512037 0.33512037 0.33512037 0.33512037 0.33512037 0.33512037 0.33512037 0.33512037 0.33512037 0.33512037 0.33512037 0.33512037 0.33512037 0.33512037 0.33512037 0.33512037 0.33512037 0.33512037 0.33512037 0.33512037 0.33512037 0.33512037 0.33512037 0.33512037 0.33512037 0.33512037 0.33512037
S103 0 0 0 0 0 0 0 0 0 0 0 0 0 0 0 0 0 0 0 0 0 0 0 0 0 0 0 0 0 0 0 0 0 0 0 0 0 0 0 0 0 0 0 0 0 0 0 0 0 0 0 0 0 0 0 0
S104 0.302018116 0.302018116 0.302018116 0.302018116 0.302018116 0.302018116 0.302018116 0.302018116 0.302018116 0.302018116 0.302018116 0.302018116 0.302018116 0.302018116 0.302018116 0.302018116 0.302018116 0.302018116 0.302018116 0.302018116 0.302018116 0.302018116 0.302018116 0.302018116 0.302018116 0.302018116 0.302018116 0.302018116 0.302018116 0.302018116 0.302018116 0.302018116 0.302018116 0.302018116 0.302018116 0.302018116 0.302018116 0.302018116 0.302018116 0.302018116 0.302018116 0.302018116 0.302018116 0.302018116 0.302018116 0.302018116 0.302018116 0.302018116 0.302018116 0.302018116 0.302018116 0.302018116 0.302018116 0.302018116 0.302018116 0.302018116
S105 0 0 0 0 0 0 0 0 0 0 0 0 0 0 0 0 0 0 0 0 0 0 0 0 0 0 0 0 0 0 0 0 0 0 0 0 0 0 0 0 0 0 0 0 0 0 0 0 0 0 0 0 0 0 0 0
S106 0.309208333 0.309208333 0.309208333 0.309208333 0.309208333 0.309208333 0.309208333 0.309208333 0.309208333 0.309208333 0.309208333 0.309208333 0.309208333 0.309208333 0.309208333 0.309208333 0.309208333 0.309208333 0.309208333 0.309208333 0.309208333 0.309208333 0.309208333 0.309208333 0.309208333 0.309208333 0.309208333 0.309208333 0.309208333 0.309208333 0.309208333 0.309208333 0.309208333 0.309208333 0.309208333 0.309208333 0.309208333 0.309208333 0.309208333 0.309208333 0.309208333 0.309208333 0.309208333 0.309208333 0.309208333 0.309208333 0.309208333 0.309208333 0.309208333 0.309208333 0.309208333 0.309208333 0.309208333 0.309208333 0.309208333 0.309208333
S107 0 0 0 0 0 0 0 0 0 0 0 0 0 0 0 0 0 0 0 0 0 0 0 0 0 0 0 0 0 0 0 0 0 0 0 0 0 0 0 0 0 0 0 0 0 0 0 0 0 0 0 0 0 0 0 0
S108 0.318684066 0.318684066 0.318684066 0.318684066 0.318684066 0.318684066 0.318684066 0.318684066 0.318684066 0.318684066 0.318684066 0.318684066 0.318684066 0.318684066 0.318684066 0.318684066 0.318684066 0.318684066 0.318684066 0.318684066 0.318684066 0.318684066 0.318684066 0.318684066 0.318684066 0.318684066 0.318684066 0.318684066 0.318684066 0.318684066 0.318684066 0.318684066 0.318684066 0.318684066 0.318684066 0.318684066 0.318684066 0.318684066 0.318684066 0.318684066 0.318684066 0.318684066 0.318684066 0.318684066 0.318684066 0.318684066 0.318684066 0.318684066 0.318684066 0.318684066 0.318684066 0.318684066 0.318684066 0.318684066 0.318684066 0.318684066
[RE2,PWRWND_B,*,*]:
2015 2016 2017 2018 2019 2020 2021 2022 2023 2024 2025 2026 2027 2028 2029 2030 2031 2032 2033 2034 2035 2036 2037 2038 2039 2040 2041 2042 2043 2044 2045 2046 2047 2048 2049 2050 2051 2052 2053 2054 2055 2056 2057 2058 2059 2060 2061 2062 2063 2064 2065 2066 2067 2068 2069 2070:=
S101 0.191144444 0.191144444 0.191144444 0.191144444 0.191144444 0.191144444 0.191144444 0.191144444 0.191144444 0.191144444 0.191144444 0.191144444 0.191144444 0.191144444 0.191144444 0.191144444 0.191144444 0.191144444 0.191144444 0.191144444 0.191144444 0.191144444 0.191144444 0.191144444 0.191144444 0.191144444 0.191144444 0.191144444 0.191144444 0.191144444 0.191144444 0.191144444 0.191144444 0.191144444 0.191144444 0.191144444 0.191144444 0.191144444 0.191144444 0.191144444 0.191144444 0.191144444 0.191144444 0.191144444 0.191144444 0.191144444 0.191144444 0.191144444 0.191144444 0.191144444 0.191144444 0.191144444 0.191144444 0.191144444 0.191144444 0.191144444
S102 0.214233025 0.214233025 0.214233025 0.214233025 0.214233025 0.214233025 0.214233025 0.214233025 0.214233025 0.214233025 0.214233025 0.214233025 0.214233025 0.214233025 0.214233025 0.214233025 0.214233025 0.214233025 0.214233025 0.214233025 0.214233025 0.214233025 0.214233025 0.214233025 0.214233025 0.214233025 0.214233025 0.214233025 0.214233025 0.214233025 0.214233025 0.214233025 0.214233025 0.214233025 0.214233025 0.214233025 0.214233025 0.214233025 0.214233025 0.214233025 0.214233025 0.214233025 0.214233025 0.214233025 0.214233025 0.214233025 0.214233025 0.214233025 0.214233025 0.214233025 0.214233025 0.214233025 0.214233025 0.214233025 0.214233025 0.214233025
S103 0.19665006 0.19665006 0.19665006 0.19665006 0.19665006 0.19665006 0.19665006 0.19665006 0.19665006 0.19665006 0.19665006 0.19665006 0.19665006 0.19665006 0.19665006 0.19665006 0.19665006 0.19665006 0.19665006 0.19665006 0.19665006 0.19665006 0.19665006 0.19665006 0.19665006 0.19665006 0.19665006 0.19665006 0.19665006 0.19665006 0.19665006 0.19665006 0.19665006 0.19665006 0.19665006 0.19665006 0.19665006 0.19665006 0.19665006 0.19665006 0.19665006 0.19665006 0.19665006 0.19665006 0.19665006 0.19665006 0.19665006 0.19665006 0.19665006 0.19665006 0.19665006 0.19665006 0.19665006 0.19665006 0.19665006 0.19665006
S104 0.219770833 0.219770833 0.219770833 0.219770833 0.219770833 0.219770833 0.219770833 0.219770833 0.219770833 0.219770833 0.219770833 0.219770833 0.219770833 0.219770833 0.219770833 0.219770833 0.219770833 0.219770833 0.219770833 0.219770833 0.219770833 0.219770833 0.219770833 0.219770833 0.219770833 0.219770833 0.219770833 0.219770833 0.219770833 0.219770833 0.219770833 0.219770833 0.219770833 0.219770833 0.219770833 0.219770833 0.219770833 0.219770833 0.219770833 0.219770833 0.219770833 0.219770833 0.219770833 0.219770833 0.219770833 0.219770833 0.219770833 0.219770833 0.219770833 0.219770833 0.219770833 0.219770833 0.219770833 0.219770833 0.219770833 0.219770833
S105 0.218094807 0.218094807 0.218094807 0.218094807 0.218094807 0.218094807 0.218094807 0.218094807 0.218094807 0.218094807 0.218094807 0.218094807 0.218094807 0.218094807 0.218094807 0.218094807 0.218094807 0.218094807 0.218094807 0.218094807 0.218094807 0.218094807 0.218094807 0.218094807 0.218094807 0.218094807 0.218094807 0.218094807 0.218094807 0.218094807 0.218094807 0.218094807 0.218094807 0.218094807 0.218094807 0.218094807 0.218094807 0.218094807 0.218094807 0.218094807 0.218094807 0.218094807 0.218094807 0.218094807 0.218094807 0.218094807 0.218094807 0.218094807 0.218094807 0.218094807 0.218094807 0.218094807 0.218094807 0.218094807 0.218094807 0.218094807
S106 0.149673309 0.149673309 0.149673309 0.149673309 0.149673309 0.149673309 0.149673309 0.149673309 0.149673309 0.149673309 0.149673309 0.149673309 0.149673309 0.149673309 0.149673309 0.149673309 0.149673309 0.149673309 0.149673309 0.149673309 0.149673309 0.149673309 0.149673309 0.149673309 0.149673309 0.149673309 0.149673309 0.149673309 0.149673309 0.149673309 0.149673309 0.149673309 0.149673309 0.149673309 0.149673309 0.149673309 0.149673309 0.149673309 0.149673309 0.149673309 0.149673309 0.149673309 0.149673309 0.149673309 0.149673309 0.149673309 0.149673309 0.149673309 0.149673309 0.149673309 0.149673309 0.149673309 0.149673309 0.149673309 0.149673309 0.149673309
S107 0.226881258 0.226881258 0.226881258 0.226881258 0.226881258 0.226881258 0.226881258 0.226881258 0.226881258 0.226881258 0.226881258 0.226881258 0.226881258 0.226881258 0.226881258 0.226881258 0.226881258 0.226881258 0.226881258 0.226881258 0.226881258 0.226881258 0.226881258 0.226881258 0.226881258 0.226881258 0.226881258 0.226881258 0.226881258 0.226881258 0.226881258 0.226881258 0.226881258 0.226881258 0.226881258 0.226881258 0.226881258 0.226881258 0.226881258 0.226881258 0.226881258 0.226881258 0.226881258 0.226881258 0.226881258 0.226881258 0.226881258 0.226881258 0.226881258 0.226881258 0.226881258 0.226881258 0.226881258 0.226881258 0.226881258 0.226881258
S108 0.235435592 0.235435592 0.235435592 0.235435592 0.235435592 0.235435592 0.235435592 0.235435592 0.235435592 0.235435592 0.235435592 0.235435592 0.235435592 0.235435592 0.235435592 0.235435592 0.235435592 0.235435592 0.235435592 0.235435592 0.235435592 0.235435592 0.235435592 0.235435592 0.235435592 0.235435592 0.235435592 0.235435592 0.235435592 0.235435592 0.235435592 0.235435592 0.235435592 0.235435592 0.235435592 0.235435592 0.235435592 0.235435592 0.235435592 0.235435592 0.235435592 0.235435592 0.235435592 0.235435592 0.235435592 0.235435592 0.235435592 0.235435592 0.235435592 0.235435592 0.235435592 0.235435592 0.235435592 0.235435592 0.235435592 0.235435592
;

param CapacityOfOneTechnologyUnit default 0 :=
;

param CapacityToActivityUnit default 0 :
BACKSTOP_A MINCOA_A MINOIL_A MINNGS_A IMPCOA_A IMPOIL_A IMPNGS_A PWRCOA_A PWROHC_A PWRNGS001_A PWRNGS002_A PWRTRN_A PWRDIST_A MINBIO_A PWRBIO_A MINHYD_A PWRHYD_A MINGEO_A PWRGEO_A MINURN_A PWRNUC_A MINSOL_A PWRSOL_A MINWND_B PWRWND_B LINFLX_A LINFLX_B :=
RE1 1 1 1 1 1 1 1 31.356 31.356 31.356 31.356 31.356 31.356 1 31.536 1 31.536 1 31.536 1 31.536 1 31.536 0 0 1 0
RE2 0 0 0 0 0 0 0 0 0 0 0 0 0 0 0 0 0 0 0 0 0 0 0 1 31.536 0 1
;

param CapitalCost default 0.0001 :=
[RE1,*,*]:
2015 2016 2017 2018 2019 2020 2021 2022 2023 2024 2025 2026 2027 2028 2029 2030 2031 2032 2033 2034 2035 2036 2037 2038 2039 2040 2041 2042 2043 2044 2045 2046 2047 2048 2049 2050 2051 2052 2053 2054 2055 2056 2057 2058 2059 2060 2061 2062 2063 2064 2065 2066 2067 2068 2069 2070:=
BACKSTOP_A 9999999 9999999 9999999 9999999 9999999 9999999 9999999 9999999 9999999 9999999 9999999 9999999 9999999 9999999 9999999 9999999 9999999 9999999 9999999 9999999 9999999 9999999 9999999 9999999 9999999 9999999 9999999 9999999 9999999 9999999 9999999 9999999 9999999 9999999 9999999 9999999 9999999 9999999 9999999 9999999 9999999 9999999 9999999 9999999 9999999 9999999 9999999 9999999 9999999 9999999 9999999 9999999 9999999 9999999 9999999 9999999
PWRCOA_A 2500 2500 2500 2500 2500 2500 2500 2500 2500 2500 2500 2500 2500 2500 2500 2500 2500 2500 2500 2500 2500 2500 2500 2500 2500 2500 2500 2500 2500 2500 2500 2500 2500 2500 2500 2500 2500 2500 2500 2500 2500 2500 2500 2500 2500 2500 2500 2500 2500 2500 2500 2500 2500 2500 2500 2500
PWROHC_A 1200 1200 1200 1200 1200 1200 1200 1200 1200 1200 1200 1200 1200 1200 1200 1200 1200 1200 1200 1200 1200 1200 1200 1200 1200 1200 1200 1200 1200 1200 1200 1200 1200 1200 1200 1200 1200 1200 1200 1200 1200 1200 1200 1200 1200 1200 1200 1200 1200 1200 1200 1200 1200 1200 1200 1200
PWRNGS001_A 1200 1200 1200 1200 1200 1200 1200 1200 1200 1200 1200 1200 1200 1200 1200 1200 1200 1200 1200 1200 1200 1200 1200 1200 1200 1200 1200 1200 1200 1200 1200 1200 1200 1200 1200 1200 1200 1200 1200 1200 1200 1200 1200 1200 1200 1200 1200 1200 1200 1200 1200 1200 1200 1200 1200 1200
PWRNGS002_A 700 700 700 700 700 700 700 700 700 700 700 700 700 700 700 700 700 700 700 700 700 700 700 700 700 700 700 700 700 700 700 700 700 700 700 700 700 700 700 700 700 700 700 700 700 700 700 700 700 700 700 700 700 700 700 700
PWRTRN_A 365 365 365 365 365 365 365 365 365 365 365 365 365 365 365 365 365 365 365 365 365 365 365 365 365 365 365 365 365 365 365 365 365 365 365 365 365 365 365 365 365 365 365 365 365 365 365 365 365 365 365 365 365 365 365 365
PWRDIST_A 2502 2502 2502 2502 2502 2502 2502 2502 2502 2502 2502 2502 2502 2502 2502 2502 2502 2502 2502 2502 2502 2502 2502 2502 2502 2502 2502 2502 2502 2502 2502 2502 2502 2502 2502 2502 2502 2502 2502 2502 2502 2502 2502 2502 2502 2502 2502 2502 2502 2502 2502 2502 2502 2502 2502 2502
PWRBIO_A 2500 2500 2500 2500 2500 2500 2500 2500 2500 2500 2500 2500 2500 2500 2500 2500 2500 2500 2500 2500 2500 2500 2500 2500 2500 2500 2500 2500 2500 2500 2500 2500 2500 2500 2500 2500 2500 2500 2500 2500 2500 2500 2500 2500 2500 2500 2500 2500 2500 2500 2500 2500 2500 2500 2500 2500
PWRHYD_A 3000 3000 3000 3000 3000 3000 3000 3000 3000 3000 3000 3000 3000 3000 3000 3000 3000 3000 3000 3000 3000 3000 3000 3000 3000 3000 3000 3000 3000 3000 3000 3000 3000 3000 3000 3000 3000 3000 3000 3000 3000 3000 3000 3000 3000 3000 3000 3000 3000 3000 3000 3000 3000 3000 3000 3000
PWRGEO_A 4000 4000 4000 4000 4000 4000 4000 4000 4000 4000 4000 4000 4000 4000 4000 4000 4000 4000 4000 4000 4000 4000 4000 4000 4000 4000 4000 4000 4000 4000 4000 4000 4000 4000 4000 4000 4000 4000 4000 4000 4000 4000 4000 4000 4000 4000 4000 4000 4000 4000 4000 4000 4000 4000 4000 4000
PWRNUC_A 6137 6137 6137 6137 6137 6137 6137 6137 6137 6137 6137 6137 6137 6137 6137 6137 6137 6137 6137 6137 6137 6137 6137 6137 6137 6137 6137 6137 6137 6137 6137 6137 6137 6137 6137 6137 6137 6137 6137 6137 6137 6137 6137 6137 6137 6137 6137 6137 6137 6137 6137 6137 6137 6137 6137 6137
PWRSOL_A 2165 2007.6 1850.2 1692.8 1535.4 1378 1299.2 1220.4 1141.6 1062.8 984 964.4 944.8 925.2 905.6 886 868.8 851.6 834.4 817.2 800 784.6 769.2 753.8 738.4 723 723 723 723 723 723 723 723 723 723 723 723 723 723 723 723 723 723 723 723 723 723 723 723 723 723 723 723 723 723 723
[RE2,*,*]:
2015 2016 2017 2018 2019 2020 2021 2022 2023 2024 2025 2026 2027 2028 2029 2030 2031 2032 2033 2034 2035 2036 2037 2038 2039 2040 2041 2042 2043 2044 2045 2046 2047 2048 2049 2050 2051 2052 2053 2054 2055 2056 2057 2058 2059 2060 2061 2062 2063 2064 2065 2066 2067 2068 2069 2070:=
PWRWND_B 1985 1885.8 1786.6 1687.4 1588.2 1489 1429.4 1369.8 1310.2 1250.6 1191 1170.2 1149.4 1128.6 1107.8 1087 1056.2 1025.4 994.6 963.8 933 933 933 933 933 933 933 933 933 933 933 933 933 933 933 933 933 933 933 933 933 933 933 933 933 933 933 933 933 933 933 933 933 933 933 933
;

param CapitalCostStorage default 0 :=
;

param DepreciationMethod default 1 :=
;


param DiscountRate default 0.05 :=
;

param EmissionActivityRatio default 0 :=
[RE1,MINCOA_A,EMIC02_A,*,*]:
2015 2016 2017 2018 2019 2020 2021 2022 2023 2024 2025 2026 2027 2028 2029 2030 2031 2032 2033 2034 2035 2036 2037 2038 2039 2040 2041 2042 2043 2044 2045 2046 2047 2048 2049 2050 2051 2052 2053 2054 2055 2056 2057 2058 2059 2060 2061 2062 2063 2064 2065 2066 2067 2068 2069 2070:=
1 94.6 94.6 94.6 94.6 94.6 94.6 94.6 94.6 94.6 94.6 94.6 94.6 94.6 94.6 94.6 94.6 94.6 94.6 94.6 94.6 94.6 94.6 94.6 94.6 94.6 94.6 94.6 94.6 94.6 94.6 94.6 94.6 94.6 94.6 94.6 94.6 94.6 94.6 94.6 94.6 94.6 94.6 94.6 94.6 94.6 94.6 94.6 94.6 94.6 94.6 94.6 94.6 94.6 94.6 94.6 94.6
[RE1,MINOIL_A,EMIC02_A,*,*]:
2015 2016 2017 2018 2019 2020 2021 2022 2023 2024 2025 2026 2027 2028 2029 2030 2031 2032 2033 2034 2035 2036 2037 2038 2039 2040 2041 2042 2043 2044 2045 2046 2047 2048 2049 2050 2051 2052 2053 2054 2055 2056 2057 2058 2059 2060 2061 2062 2063 2064 2065 2066 2067 2068 2069 2070:=
1 73.3 73.3 73.3 73.3 73.3 73.3 73.3 73.3 73.3 73.3 73.3 73.3 73.3 73.3 73.3 73.3 73.3 73.3 73.3 73.3 73.3 73.3 73.3 73.3 73.3 73.3 73.3 73.3 73.3 73.3 73.3 73.3 73.3 73.3 73.3 73.3 73.3 73.3 73.3 73.3 73.3 73.3 73.3 73.3 73.3 73.3 73.3 73.3 73.3 73.3 73.3 73.3 73.3 73.3 73.3 73.3
[RE1,MINNGS_A,EMIC02_A,*,*]:
2015 2016 2017 2018 2019 2020 2021 2022 2023 2024 2025 2026 2027 2028 2029 2030 2031 2032 2033 2034 2035 2036 2037 2038 2039 2040 2041 2042 2043 2044 2045 2046 2047 2048 2049 2050 2051 2052 2053 2054 2055 2056 2057 2058 2059 2060 2061 2062 2063 2064 2065 2066 2067 2068 2069 2070:=
1 56.1 56.1 56.1 56.1 56.1 56.1 56.1 56.1 56.1 56.1 56.1 56.1 56.1 56.1 56.1 56.1 56.1 56.1 56.1 56.1 56.1 56.1 56.1 56.1 56.1 56.1 56.1 56.1 56.1 56.1 56.1 56.1 56.1 56.1 56.1 56.1 56.1 56.1 56.1 56.1 56.1 56.1 56.1 56.1 56.1 56.1 56.1 56.1 56.1 56.1 56.1 56.1 56.1 56.1 56.1 56.1
[RE1,IMPCOA_A,EMIC02_A,*,*]:
2015 2016 2017 2018 2019 2020 2021 2022 2023 2024 2025 2026 2027 2028 2029 2030 2031 2032 2033 2034 2035 2036 2037 2038 2039 2040 2041 2042 2043 2044 2045 2046 2047 2048 2049 2050 2051 2052 2053 2054 2055 2056 2057 2058 2059 2060 2061 2062 2063 2064 2065 2066 2067 2068 2069 2070:=
1 94.6 94.6 94.6 94.6 94.6 94.6 94.6 94.6 94.6 94.6 94.6 94.6 94.6 94.6 94.6 94.6 94.6 94.6 94.6 94.6 94.6 94.6 94.6 94.6 94.6 94.6 94.6 94.6 94.6 94.6 94.6 94.6 94.6 94.6 94.6 94.6 94.6 94.6 94.6 94.6 94.6 94.6 94.6 94.6 94.6 94.6 94.6 94.6 94.6 94.6 94.6 94.6 94.6 94.6 94.6 94.6
[RE1,IMPOIL_A,EMIC02_A,*,*]:
2015 2016 2017 2018 2019 2020 2021 2022 2023 2024 2025 2026 2027 2028 2029 2030 2031 2032 2033 2034 2035 2036 2037 2038 2039 2040 2041 2042 2043 2044 2045 2046 2047 2048 2049 2050 2051 2052 2053 2054 2055 2056 2057 2058 2059 2060 2061 2062 2063 2064 2065 2066 2067 2068 2069 2070:=
1 73.3 73.3 73.3 73.3 73.3 73.3 73.3 73.3 73.3 73.3 73.3 73.3 73.3 73.3 73.3 73.3 73.3 73.3 73.3 73.3 73.3 73.3 73.3 73.3 73.3 73.3 73.3 73.3 73.3 73.3 73.3 73.3 73.3 73.3 73.3 73.3 73.3 73.3 73.3 73.3 73.3 73.3 73.3 73.3 73.3 73.3 73.3 73.3 73.3 73.3 73.3 73.3 73.3 73.3 73.3 73.3
[RE1,IMPNGS_A,EMIC02_A,*,*]:
2015 2016 2017 2018 2019 2020 2021 2022 2023 2024 2025 2026 2027 2028 2029 2030 2031 2032 2033 2034 2035 2036 2037 2038 2039 2040 2041 2042 2043 2044 2045 2046 2047 2048 2049 2050 2051 2052 2053 2054 2055 2056 2057 2058 2059 2060 2061 2062 2063 2064 2065 2066 2067 2068 2069 2070:=
1 56.1 56.1 56.1 56.1 56.1 56.1 56.1 56.1 56.1 56.1 56.1 56.1 56.1 56.1 56.1 56.1 56.1 56.1 56.1 56.1 56.1 56.1 56.1 56.1 56.1 56.1 56.1 56.1 56.1 56.1 56.1 56.1 56.1 56.1 56.1 56.1 56.1 56.1 56.1 56.1 56.1 56.1 56.1 56.1 56.1 56.1 56.1 56.1 56.1 56.1 56.1 56.1 56.1 56.1 56.1 56.1
[RE1,MINBIO_A,EMIC02_A,*,*]:
2015 2016 2017 2018 2019 2020 2021 2022 2023 2024 2025 2026 2027 2028 2029 2030 2031 2032 2033 2034 2035 2036 2037 2038 2039 2040 2041 2042 2043 2044 2045 2046 2047 2048 2049 2050 2051 2052 2053 2054 2055 2056 2057 2058 2059 2060 2061 2062 2063 2064 2065 2066 2067 2068 2069 2070:=
1 100 100 100 100 100 100 100 100 100 100 100 100 100 100 100 100 100 100 100 100 100 100 100 100 100 100 100 100 100 100 100 100 100 100 100 100 100 100 100 100 100 100 100 100 100 100 100 100 100 100 100 100 100 100 100 100
;

param EmissionsPenalty default 0 :=
;

param FixedCost default 0 :=
[RE1,*,*]:
2015 2016 2017 2018 2019 2020 2021 2022 2023 2024 2025 2026 2027 2028 2029 2030 2031 2032 2033 2034 2035 2036 2037 2038 2039 2040 2041 2042 2043 2044 2045 2046 2047 2048 2049 2050 2051 2052 2053 2054 2055 2056 2057 2058 2059 2060 2061 2062 2063 2064 2065 2066 2067 2068 2069 2070:=
BACKSTOP_A 9999999 9999999 9999999 9999999 9999999 9999999 9999999 9999999 9999999 9999999 9999999 9999999 9999999 9999999 9999999 9999999 9999999 9999999 9999999 9999999 9999999 9999999 9999999 9999999 9999999 9999999 9999999 9999999 9999999 9999999 9999999 9999999 9999999 9999999 9999999 9999999 9999999 9999999 9999999 9999999 9999999 9999999 9999999 9999999 9999999 9999999 9999999 9999999 9999999 9999999 9999999 9999999 9999999 9999999 9999999 9999999
PWRCOA_A 78 78 78 78 78 78 78 78 78 78 78 78 78 78 78 78 78 78 78 78 78 78 78 78 78 78 78 78 78 78 78 78 78 78 78 78 78 78 78 78 78 78 78 78 78 78 78 78 78 78 78 78 78 78 78 78
PWROHC_A 35 35 35 35 35 35 35 35 35 35 35 35 35 35 35 35 35 35 35 35 35 35 35 35 35 35 35 35 35 35 35 35 35 35 35 35 35 35 35 35 35 35 35 35 35 35 35 35 35 35 35 35 35 35 35 35
PWRNGS001_A 35 35 35 35 35 35 35 35 35 35 35 35 35 35 35 35 35 35 35 35 35 35 35 35 35 35 35 35 35 35 35 35 35 35 35 35 35 35 35 35 35 35 35 35 35 35 35 35 35 35 35 35 35 35 35 35
PWRNGS002_A 20 20 20 20 20 20 20 20 20 20 20 20 20 20 20 20 20 20 20 20 20 20 20 20 20 20 20 20 20 20 20 20 20 20 20 20 20 20 20 20 20 20 20 20 20 20 20 20 20 20 20 20 20 20 20 20
PWRBIO_A 75 75 75 75 75 75 75 75 75 75 75 75 75 75 75 75 75 75 75 75 75 75 75 75 75 75 75 75 75 75 75 75 75 75 75 75 75 75 75 75 75 75 75 75 75 75 75 75 75 75 75 75 75 75 75 75
PWRHYD_A 90 90 90 90 90 90 90 90 90 90 90 90 90 90 90 90 90 90 90 90 90 90 90 90 90 90 90 90 90 90 90 90 90 90 90 90 90 90 90 90 90 90 90 90 90 90 90 90 90 90 90 90 90 90 90 90
PWRGEO_A 120 120 120 120 120 120 120 120 120 120 120 120 120 120 120 120 120 120 120 120 120 120 120 120 120 120 120 120 120 120 120 120 120 120 120 120 120 120 120 120 120 120 120 120 120 120 120 120 120 120 120 120 120 120 120 120
PWRNUC_A 184.11 184.11 184.11 184.11 184.11 184.11 184.11 184.11 184.11 184.11 184.11 184.11 184.11 184.11 184.11 184.11 184.11 184.11 184.11 184.11 184.11 184.11 184.11 184.11 184.11 184.11 184.11 184.11 184.11 184.11 184.11 184.11 184.11 184.11 184.11 184.11 184.11 184.11 184.11 184.11 184.11 184.11 184.11 184.11 184.11 184.11 184.11 184.11 184.11 184.11 184.11 184.11 184.11 184.11 184.11 184.11
PWRSOL_A 28.145 26.0988 24.0526 22.0064 19.9602 17.914 16.8896 15.8652 14.8408 13.8164 12.792 12.5372 12.2824 12.0276 11.7728 11.518 11.2944 11.0708 10.8472 10.6236 10.4 10.1998 9.9996 9.7994 9.5992 9.399 9.399 9.399 9.399 9.399 9.399 9.399 9.399 9.399 9.399 9.399 9.399 9.399 9.399 9.399 9.399 9.399 9.399 9.399 9.399 9.399 9.399 9.399 9.399 9.399 9.399 9.399 9.399 9.399 9.399 9.399
[RE2,*,*]:
2015 2016 2017 2018 2019 2020 2021 2022 2023 2024 2025 2026 2027 2028 2029 2030 2031 2032 2033 2034 2035 2036 2037 2038 2039 2040 2041 2042 2043 2044 2045 2046 2047 2048 2049 2050 2051 2052 2053 2054 2055 2056 2057 2058 2059 2060 2061 2062 2063 2064 2065 2066 2067 2068 2069 2070:=
PWRWND_B 79.4 75.432 71.464 67.496 63.528 59.56 57.176 54.792 52.408 50.024 47.64 46.808 45.976 45.144 44.312 43.48 42.248 41.016 39.784 38.552 37.32 37.32 37.32 37.32 37.32 37.32 37.32 37.32 37.32 37.32 37.32 37.32 37.32 37.32 37.32 37.32 37.32 37.32 37.32 37.32 37.32 37.32 37.32 37.32 37.32 37.32 37.32 37.32 37.32 37.32 37.32 37.32 37.32 37.32 37.32 37.32
;

param InputActivityRatio default 0 :=
[RE1,PWRCOA_A,COA_A,*,*]:
2015 2016 2017 2018 2019 2020 2021 2022 2023 2024 2025 2026 2027 2028 2029 2030 2031 2032 2033 2034 2035 2036 2037 2038 2039 2040 2041 2042 2043 2044 2045 2046 2047 2048 2049 2050 2051 2052 2053 2054 2055 2056 2057 2058 2059 2060 2061 2062 2063 2064 2065 2066 2067 2068 2069 2070:=
1 2.7 2.7 2.7 2.7 2.7 2.7 2.7 2.7 2.7 2.7 2.7 2.7 2.7 2.7 2.7 2.7 2.7 2.7 2.7 2.7 2.7 2.7 2.7 2.7 2.7 2.7 2.7 2.7 2.7 2.7 2.7 2.7 2.7 2.7 2.7 2.7 2.7 2.7 2.7 2.7 2.7 2.7 2.7 2.7 2.7 2.7 2.7 2.7 2.7 2.7 2.7 2.7 2.7 2.7 2.7 2.7
[RE1,PWROHC_A,OIL_A,*,*]:
2015 2016 2017 2018 2019 2020 2021 2022 2023 2024 2025 2026 2027 2028 2029 2030 2031 2032 2033 2034 2035 2036 2037 2038 2039 2040 2041 2042 2043 2044 2045 2046 2047 2048 2049 2050 2051 2052 2053 2054 2055 2056 2057 2058 2059 2060 2061 2062 2063 2064 2065 2066 2067 2068 2069 2070:=
1 2.86 2.86 2.86 2.86 2.86 2.86 2.86 2.86 2.86 2.86 2.86 2.86 2.86 2.86 2.86 2.86 2.86 2.86 2.86 2.86 2.86 2.86 2.86 2.86 2.86 2.86 2.86 2.86 2.86 2.86 2.86 2.86 2.86 2.86 2.86 2.86 2.86 2.86 2.86 2.86 2.86 2.86 2.86 2.86 2.86 2.86 2.86 2.86 2.86 2.86 2.86 2.86 2.86 2.86 2.86 2.86
[RE1,PWRNGS001_A,NGS_A,*,*]:
2015 2016 2017 2018 2019 2020 2021 2022 2023 2024 2025 2026 2027 2028 2029 2030 2031 2032 2033 2034 2035 2036 2037 2038 2039 2040 2041 2042 2043 2044 2045 2046 2047 2048 2049 2050 2051 2052 2053 2054 2055 2056 2057 2058 2059 2060 2061 2062 2063 2064 2065 2066 2067 2068 2069 2070:=
1 2.08 2.08 2.08 2.08 2.08 2.08 2.08 2.08 2.08 2.08 2.08 2.08 2.08 2.08 2.08 2.08 2.08 2.08 2.08 2.08 2.08 2.08 2.08 2.08 2.08 2.08 2.08 2.08 2.08 2.08 2.08 2.08 2.08 2.08 2.08 2.08 2.08 2.08 2.08 2.08 2.08 2.08 2.08 2.08 2.08 2.08 2.08 2.08 2.08 2.08 2.08 2.08 2.08 2.08 2.08 2.08
[RE1,PWRNGS002_A,NGS_A,*,*]:
2015 2016 2017 2018 2019 2020 2021 2022 2023 2024 2025 2026 2027 2028 2029 2030 2031 2032 2033 2034 2035 2036 2037 2038 2039 2040 2041 2042 2043 2044 2045 2046 2047 2048 2049 2050 2051 2052 2053 2054 2055 2056 2057 2058 2059 2060 2061 2062 2063 2064 2065 2066 2067 2068 2069 2070:=
1 3.33 3.33 3.33 3.33 3.33 3.33 3.33 3.33 3.33 3.33 3.33 3.33 3.33 3.33 3.33 3.33 3.33 3.33 3.33 3.33 3.33 3.33 3.33 3.33 3.33 3.33 3.33 3.33 3.33 3.33 3.33 3.33 3.33 3.33 3.33 3.33 3.33 3.33 3.33 3.33 3.33 3.33 3.33 3.33 3.33 3.33 3.33 3.33 3.33 3.33 3.33 3.33 3.33 3.33 3.33 3.33
[RE1,PWRTRN_A,ELC001_A,*,*]:
2015 2016 2017 2018 2019 2020 2021 2022 2023 2024 2025 2026 2027 2028 2029 2030 2031 2032 2033 2034 2035 2036 2037 2038 2039 2040 2041 2042 2043 2044 2045 2046 2047 2048 2049 2050 2051 2052 2053 2054 2055 2056 2057 2058 2059 2060 2061 2062 2063 2064 2065 2066 2067 2068 2069 2070:=
1 1.05 1.05 1.05 1.05 1.05 1.05 1.05 1.05 1.05 1.05 1.05 1.05 1.05 1.05 1.05 1.05 1.05 1.05 1.05 1.05 1.05 1.05 1.05 1.05 1.05 1.05 1.05 1.05 1.05 1.05 1.05 1.05 1.05 1.05 1.05 1.05 1.05 1.05 1.05 1.05 1.05 1.05 1.05 1.05 1.05 1.05 1.05 1.05 1.05 1.05 1.05 1.05 1.05 1.05 1.05 1.05
[RE1,PWRDIST_A,ELC002_A,*,*]:
2015 2016 2017 2018 2019 2020 2021 2022 2023 2024 2025 2026 2027 2028 2029 2030 2031 2032 2033 2034 2035 2036 2037 2038 2039 2040 2041 2042 2043 2044 2045 2046 2047 2048 2049 2050 2051 2052 2053 2054 2055 2056 2057 2058 2059 2060 2061 2062 2063 2064 2065 2066 2067 2068 2069 2070:=
1 1.17 1.167333333 1.164666667 1.162 1.159333333 1.156666667 1.154 1.151333333 1.148666667 1.146 1.143333333 1.140666667 1.138 1.135333333 1.132666667 1.13 1.1275 1.125 1.1225 1.12 1.1175 1.115 1.1125 1.11 1.1075 1.105 1.1025 1.1 1.0975 1.095 1.0925 1.09 1.0875 1.085 1.0825 1.08 1.079 1.078 1.077 1.076 1.075 1.074 1.073 1.072 1.071 1.07 1.069 1.068 1.067 1.066 1.065 1.064 1.063 1.062 1.061 1.06
[RE1,PWRDIST_A,ELC002_BA,*,*]:
2015 2016 2017 2018 2019 2020 2021 2022 2023 2024 2025 2026 2027 2028 2029 2030 2031 2032 2033 2034 2035 2036 2037 2038 2039 2040 2041 2042 2043 2044 2045 2046 2047 2048 2049 2050 2051 2052 2053 2054 2055 2056 2057 2058 2059 2060 2061 2062 2063 2064 2065 2066 2067 2068 2069 2070:=
1 1.17 1.167333333 1.164666667 1.162 1.159333333 1.156666667 1.154 1.151333333 1.148666667 1.146 1.143333333 1.140666667 1.138 1.135333333 1.132666667 1.13 1.1275 1.125 1.1225 1.12 1.1175 1.115 1.1125 1.11 1.1075 1.105 1.1025 1.1 1.0975 1.095 1.0925 1.09 1.0875 1.085 1.0825 1.08 1.079 1.078 1.077 1.076 1.075 1.074 1.073 1.072 1.071 1.07 1.069 1.068 1.067 1.066 1.065 1.064 1.063 1.062 1.061 1.06
[RE1,PWRBIO_A,BIO_A,*,*]:
2015 2016 2017 2018 2019 2020 2021 2022 2023 2024 2025 2026 2027 2028 2029 2030 2031 2032 2033 2034 2035 2036 2037 2038 2039 2040 2041 2042 2043 2044 2045 2046 2047 2048 2049 2050 2051 2052 2053 2054 2055 2056 2057 2058 2059 2060 2061 2062 2063 2064 2065 2066 2067 2068 2069 2070:=
1 2.86 2.86 2.86 2.86 2.86 2.86 2.86 2.86 2.86 2.86 2.86 2.86 2.86 2.86 2.86 2.86 2.86 2.86 2.86 2.86 2.86 2.86 2.86 2.86 2.86 2.86 2.86 2.86 2.86 2.86 2.86 2.86 2.86 2.86 2.86 2.86 2.86 2.86 2.86 2.86 2.86 2.86 2.86 2.86 2.86 2.86 2.86 2.86 2.86 2.86 2.86 2.86 2.86 2.86 2.86 2.86
[RE1,PWRHYD_A,HYD_A,*,*]:
2015 2016 2017 2018 2019 2020 2021 2022 2023 2024 2025 2026 2027 2028 2029 2030 2031 2032 2033 2034 2035 2036 2037 2038 2039 2040 2041 2042 2043 2044 2045 2046 2047 2048 2049 2050 2051 2052 2053 2054 2055 2056 2057 2058 2059 2060 2061 2062 2063 2064 2065 2066 2067 2068 2069 2070:=
1 1 1 1 1 1 1 1 1 1 1 1 1 1 1 1 1 1 1 1 1 1 1 1 1 1 1 1 1 1 1 1 1 1 1 1 1 1 1 1 1 1 1 1 1 1 1 1 1 1 1 1 1 1 1 1 1
[RE1,PWRGEO_A,GEO_A,*,*]:
2015 2016 2017 2018 2019 2020 2021 2022 2023 2024 2025 2026 2027 2028 2029 2030 2031 2032 2033 2034 2035 2036 2037 2038 2039 2040 2041 2042 2043 2044 2045 2046 2047 2048 2049 2050 2051 2052 2053 2054 2055 2056 2057 2058 2059 2060 2061 2062 2063 2064 2065 2066 2067 2068 2069 2070:=
1 1.25 1.25 1.25 1.25 1.25 1.25 1.25 1.25 1.25 1.25 1.25 1.25 1.25 1.25 1.25 1.25 1.25 1.25 1.25 1.25 1.25 1.25 1.25 1.25 1.25 1.25 1.25 1.25 1.25 1.25 1.25 1.25 1.25 1.25 1.25 1.25 1.25 1.25 1.25 1.25 1.25 1.25 1.25 1.25 1.25 1.25 1.25 1.25 1.25 1.25 1.25 1.25 1.25 1.25 1.25 1.25
[RE1,PWRNUC_A,URN_A,*,*]:
2015 2016 2017 2018 2019 2020 2021 2022 2023 2024 2025 2026 2027 2028 2029 2030 2031 2032 2033 2034 2035 2036 2037 2038 2039 2040 2041 2042 2043 2044 2045 2046 2047 2048 2049 2050 2051 2052 2053 2054 2055 2056 2057 2058 2059 2060 2061 2062 2063 2064 2065 2066 2067 2068 2069 2070:=
1 3.03 3.03 3.03 3.03 3.03 3.03 3.03 3.03 3.03 3.03 3.03 3.03 3.03 3.03 3.03 3.03 3.03 3.03 3.03 3.03 3.03 3.03 3.03 3.03 3.03 3.03 3.03 3.03 3.03 3.03 3.03 3.03 3.03 3.03 3.03 3.03 3.03 3.03 3.03 3.03 3.03 3.03 3.03 3.03 3.03 3.03 3.03 3.03 3.03 3.03 3.03 3.03 3.03 3.03 3.03 3.03
[RE1,PWRSOL_A,SOL_A,*,*]:
2015 2016 2017 2018 2019 2020 2021 2022 2023 2024 2025 2026 2027 2028 2029 2030 2031 2032 2033 2034 2035 2036 2037 2038 2039 2040 2041 2042 2043 2044 2045 2046 2047 2048 2049 2050 2051 2052 2053 2054 2055 2056 2057 2058 2059 2060 2061 2062 2063 2064 2065 2066 2067 2068 2069 2070:=
1 1 1 1 1 1 1 1 1 1 1 1 1 1 1 1 1 1 1 1 1 1 1 1 1 1 1 1 1 1 1 1 1 1 1 1 1 1 1 1 1 1 1 1 1 1 1 1 1 1 1 1 1 1 1 1 1
[RE2,PWRWND_B,WND_B,*,*]:
2015 2016 2017 2018 2019 2020 2021 2022 2023 2024 2025 2026 2027 2028 2029 2030 2031 2032 2033 2034 2035 2036 2037 2038 2039 2040 2041 2042 2043 2044 2045 2046 2047 2048 2049 2050 2051 2052 2053 2054 2055 2056 2057 2058 2059 2060 2061 2062 2063 2064 2065 2066 2067 2068 2069 2070:=
1 1 1 1 1 1 1 1 1 1 1 1 1 1 1 1 1 1 1 1 1 1 1 1 1 1 1 1 1 1 1 1 1 1 1 1 1 1 1 1 1 1 1 1 1 1 1 1 1 1 1 1 1 1 1 1 1
[RE1,LINFLX_A,ELC002_A,*,*]:
2015 2016 2017 2018 2019 2020 2021 2022 2023 2024 2025 2026 2027 2028 2029 2030 2031 2032 2033 2034 2035 2036 2037 2038 2039 2040 2041 2042 2043 2044 2045 2046 2047 2048 2049 2050 2051 2052 2053 2054 2055 2056 2057 2058 2059 2060 2061 2062 2063 2064 2065 2066 2067 2068 2069 2070:=
1 1 1 1 1 1 1 1 1 1 1 1 1 1 1 1 1 1 1 1 1 1 1 1 1 1 1 1 1 1 1 1 1 1 1 1 1 1 1 1 1 1 1 1 1 1 1 1 1 1 1 1 1 1 1 1 1
[RE2,LINFLX_B,ELC002_B,*,*]:
2015 2016 2017 2018 2019 2020 2021 2022 2023 2024 2025 2026 2027 2028 2029 2030 2031 2032 2033 2034 2035 2036 2037 2038 2039 2040 2041 2042 2043 2044 2045 2046 2047 2048 2049 2050 2051 2052 2053 2054 2055 2056 2057 2058 2059 2060 2061 2062 2063 2064 2065 2066 2067 2068 2069 2070:=
1 1 1 1 1 1 1 1 1 1 1 1 1 1 1 1 1 1 1 1 1 1 1 1 1 1 1 1 1 1 1 1 1 1 1 1 1 1 1 1 1 1 1 1 1 1 1 1 1 1 1 1 1 1 1 1 1
[RE2,PWRTRN_B,ELC001_B,*,*]:
2015 2016 2017 2018 2019 2020 2021 2022 2023 2024 2025 2026 2027 2028 2029 2030 2031 2032 2033 2034 2035 2036 2037 2038 2039 2040 2041 2042 2043 2044 2045 2046 2047 2048 2049 2050 2051 2052 2053 2054 2055 2056 2057 2058 2059 2060 2061 2062 2063 2064 2065 2066 2067 2068 2069 2070:=
1 1.05 1.05 1.05 1.05 1.05 1.05 1.05 1.05 1.05 1.05 1.05 1.05 1.05 1.05 1.05 1.05 1.05 1.05 1.05 1.05 1.05 1.05 1.05 1.05 1.05 1.05 1.05 1.05 1.05 1.05 1.05 1.05 1.05 1.05 1.05 1.05 1.05 1.05 1.05 1.05 1.05 1.05 1.05 1.05 1.05 1.05 1.05 1.05 1.05 1.05 1.05 1.05 1.05 1.05 1.05 1.05
[RE2,PWRDIST_B,ELC002_B,*,*]:
2015 2016 2017 2018 2019 2020 2021 2022 2023 2024 2025 2026 2027 2028 2029 2030 2031 2032 2033 2034 2035 2036 2037 2038 2039 2040 2041 2042 2043 2044 2045 2046 2047 2048 2049 2050 2051 2052 2053 2054 2055 2056 2057 2058 2059 2060 2061 2062 2063 2064 2065 2066 2067 2068 2069 2070:=
1 1.17 1.167333333 1.164666667 1.162 1.159333333 1.156666667 1.154 1.151333333 1.148666667 1.146 1.143333333 1.140666667 1.138 1.135333333 1.132666667 1.13 1.1275 1.125 1.1225 1.12 1.1175 1.115 1.1125 1.11 1.1075 1.105 1.1025 1.1 1.0975 1.095 1.0925 1.09 1.0875 1.085 1.0825 1.08 1.079 1.078 1.077 1.076 1.075 1.074 1.073 1.072 1.071 1.07 1.069 1.068 1.067 1.066 1.065 1.064 1.063 1.062 1.061 1.06
[RE2,PWRDIST_B,ELC002_AB,*,*]:
2015 2016 2017 2018 2019 2020 2021 2022 2023 2024 2025 2026 2027 2028 2029 2030 2031 2032 2033 2034 2035 2036 2037 2038 2039 2040 2041 2042 2043 2044 2045 2046 2047 2048 2049 2050 2051 2052 2053 2054 2055 2056 2057 2058 2059 2060 2061 2062 2063 2064 2065 2066 2067 2068 2069 2070:=
1 1.17 1.167333333 1.164666667 1.162 1.159333333 1.156666667 1.154 1.151333333 1.148666667 1.146 1.143333333 1.140666667 1.138 1.135333333 1.132666667 1.13 1.1275 1.125 1.1225 1.12 1.1175 1.115 1.1125 1.11 1.1075 1.105 1.1025 1.1 1.0975 1.095 1.0925 1.09 1.0875 1.085 1.0825 1.08 1.079 1.078 1.077 1.076 1.075 1.074 1.073 1.072 1.071 1.07 1.069 1.068 1.067 1.066 1.065 1.064 1.063 1.062 1.061 1.06
;

param ModelPeriodEmissionLimit default 99999 :
EMIC02_A EMICH4_A EMIFGA_A EMIN2O_A EMIREN_A EMIC02_B EMICH4_B EMIFGA_B EMIN2O_B EMIREN_B :=
;

param ModelPeriodExogenousEmission default 0 :
EMIC02_A EMICH4_A EMIFGA_A EMIN2O_A EMIREN_A EMIC02_B EMICH4_B EMIFGA_B EMIN2O_B EMIREN_B :=
;

param OperationalLife default 1 :
BACKSTOP_A MINCOA_A MINOIL_A MINNGS_A IMPCOA_A IMPOIL_A IMPNGS_A PWRCOA_A PWROHC_A PWRNGS001_A PWRNGS002_A PWRTRN_A PWRDIST_A MINBIO_A PWRBIO_A MINHYD_A PWRHYD_A MINGEO_A PWRGEO_A MINURN_A PWRNUC_A MINSOL_A PWRSOL_A MINWND_B PWRWND_B PWRTRN_B PWRDIST_B LINFLX_A LINFLX_B:=
RE1 80 1 1 1 1 1 1 35 25 30 25 50 70 1 30 1 50 1 25 1 50 1 24 0 0 0 0 1 0
RE2 0 0 0 0 0 0 0 0 0 0 0 0 0 0 0 0 0 0 0 0 0 0 0 1 25 50 70 0 1
;

param OperationalLifeStorage default 1 :=
;

param OutputActivityRatio default 0 :=
[RE1,BACKSTOP_A,ELC003_A,*,*]:
2015 2016 2017 2018 2019 2020 2021 2022 2023 2024 2025 2026 2027 2028 2029 2030 2031 2032 2033 2034 2035 2036 2037 2038 2039 2040 2041 2042 2043 2044 2045 2046 2047 2048 2049 2050 2051 2052 2053 2054 2055 2056 2057 2058 2059 2060 2061 2062 2063 2064 2065 2066 2067 2068 2069 2070:=
1 1 1 1 1 1 1 1 1 1 1 1 1 1 1 1 1 1 1 1 1 1 1 1 1 1 1 1 1 1 1 1 1 1 1 1 1 1 1 1 1 1 1 1 1 1 1 1 1 1 1 1 1 1 1 1 1
[RE1,MINCOA_A,COA_A,*,*]:
2015 2016 2017 2018 2019 2020 2021 2022 2023 2024 2025 2026 2027 2028 2029 2030 2031 2032 2033 2034 2035 2036 2037 2038 2039 2040 2041 2042 2043 2044 2045 2046 2047 2048 2049 2050 2051 2052 2053 2054 2055 2056 2057 2058 2059 2060 2061 2062 2063 2064 2065 2066 2067 2068 2069 2070:=
1 1 1 1 1 1 1 1 1 1 1 1 1 1 1 1 1 1 1 1 1 1 1 1 1 1 1 1 1 1 1 1 1 1 1 1 1 1 1 1 1 1 1 1 1 1 1 1 1 1 1 1 1 1 1 1 1
[RE1,MINOIL_A,OIL_A,*,*]:
2015 2016 2017 2018 2019 2020 2021 2022 2023 2024 2025 2026 2027 2028 2029 2030 2031 2032 2033 2034 2035 2036 2037 2038 2039 2040 2041 2042 2043 2044 2045 2046 2047 2048 2049 2050 2051 2052 2053 2054 2055 2056 2057 2058 2059 2060 2061 2062 2063 2064 2065 2066 2067 2068 2069 2070:=
1 1 1 1 1 1 1 1 1 1 1 1 1 1 1 1 1 1 1 1 1 1 1 1 1 1 1 1 1 1 1 1 1 1 1 1 1 1 1 1 1 1 1 1 1 1 1 1 1 1 1 1 1 1 1 1 1
[RE1,MINNGS_A,NGS_A,*,*]:
2015 2016 2017 2018 2019 2020 2021 2022 2023 2024 2025 2026 2027 2028 2029 2030 2031 2032 2033 2034 2035 2036 2037 2038 2039 2040 2041 2042 2043 2044 2045 2046 2047 2048 2049 2050 2051 2052 2053 2054 2055 2056 2057 2058 2059 2060 2061 2062 2063 2064 2065 2066 2067 2068 2069 2070:=
1 1 1 1 1 1 1 1 1 1 1 1 1 1 1 1 1 1 1 1 1 1 1 1 1 1 1 1 1 1 1 1 1 1 1 1 1 1 1 1 1 1 1 1 1 1 1 1 1 1 1 1 1 1 1 1 1
[RE1,IMPCOA_A,COA_A,*,*]:
2015 2016 2017 2018 2019 2020 2021 2022 2023 2024 2025 2026 2027 2028 2029 2030 2031 2032 2033 2034 2035 2036 2037 2038 2039 2040 2041 2042 2043 2044 2045 2046 2047 2048 2049 2050 2051 2052 2053 2054 2055 2056 2057 2058 2059 2060 2061 2062 2063 2064 2065 2066 2067 2068 2069 2070:=
1 1 1 1 1 1 1 1 1 1 1 1 1 1 1 1 1 1 1 1 1 1 1 1 1 1 1 1 1 1 1 1 1 1 1 1 1 1 1 1 1 1 1 1 1 1 1 1 1 1 1 1 1 1 1 1 1
[RE1,IMPOIL_A,OIL_A,*,*]:
2015 2016 2017 2018 2019 2020 2021 2022 2023 2024 2025 2026 2027 2028 2029 2030 2031 2032 2033 2034 2035 2036 2037 2038 2039 2040 2041 2042 2043 2044 2045 2046 2047 2048 2049 2050 2051 2052 2053 2054 2055 2056 2057 2058 2059 2060 2061 2062 2063 2064 2065 2066 2067 2068 2069 2070:=
1 1 1 1 1 1 1 1 1 1 1 1 1 1 1 1 1 1 1 1 1 1 1 1 1 1 1 1 1 1 1 1 1 1 1 1 1 1 1 1 1 1 1 1 1 1 1 1 1 1 1 1 1 1 1 1 1
[RE1,IMPNGS_A,NGS_A,*,*]:
2015 2016 2017 2018 2019 2020 2021 2022 2023 2024 2025 2026 2027 2028 2029 2030 2031 2032 2033 2034 2035 2036 2037 2038 2039 2040 2041 2042 2043 2044 2045 2046 2047 2048 2049 2050 2051 2052 2053 2054 2055 2056 2057 2058 2059 2060 2061 2062 2063 2064 2065 2066 2067 2068 2069 2070:=
1 1 1 1 1 1 1 1 1 1 1 1 1 1 1 1 1 1 1 1 1 1 1 1 1 1 1 1 1 1 1 1 1 1 1 1 1 1 1 1 1 1 1 1 1 1 1 1 1 1 1 1 1 1 1 1 1
[RE1,PWRCOA_A,ELC001_A,*,*]:
2015 2016 2017 2018 2019 2020 2021 2022 2023 2024 2025 2026 2027 2028 2029 2030 2031 2032 2033 2034 2035 2036 2037 2038 2039 2040 2041 2042 2043 2044 2045 2046 2047 2048 2049 2050 2051 2052 2053 2054 2055 2056 2057 2058 2059 2060 2061 2062 2063 2064 2065 2066 2067 2068 2069 2070:=
1 1 1 1 1 1 1 1 1 1 1 1 1 1 1 1 1 1 1 1 1 1 1 1 1 1 1 1 1 1 1 1 1 1 1 1 1 1 1 1 1 1 1 1 1 1 1 1 1 1 1 1 1 1 1 1 1
[RE1,PWROHC_A,ELC001_A,*,*]:
2015 2016 2017 2018 2019 2020 2021 2022 2023 2024 2025 2026 2027 2028 2029 2030 2031 2032 2033 2034 2035 2036 2037 2038 2039 2040 2041 2042 2043 2044 2045 2046 2047 2048 2049 2050 2051 2052 2053 2054 2055 2056 2057 2058 2059 2060 2061 2062 2063 2064 2065 2066 2067 2068 2069 2070:=
1 1 1 1 1 1 1 1 1 1 1 1 1 1 1 1 1 1 1 1 1 1 1 1 1 1 1 1 1 1 1 1 1 1 1 1 1 1 1 1 1 1 1 1 1 1 1 1 1 1 1 1 1 1 1 1 1
[RE1,PWRNGS001_A,ELC001_A,*,*]:
2015 2016 2017 2018 2019 2020 2021 2022 2023 2024 2025 2026 2027 2028 2029 2030 2031 2032 2033 2034 2035 2036 2037 2038 2039 2040 2041 2042 2043 2044 2045 2046 2047 2048 2049 2050 2051 2052 2053 2054 2055 2056 2057 2058 2059 2060 2061 2062 2063 2064 2065 2066 2067 2068 2069 2070:=
1 1 1 1 1 1 1 1 1 1 1 1 1 1 1 1 1 1 1 1 1 1 1 1 1 1 1 1 1 1 1 1 1 1 1 1 1 1 1 1 1 1 1 1 1 1 1 1 1 1 1 1 1 1 1 1 1
[RE1,PWRNGS002_A,ELC001_A,*,*]:
2015 2016 2017 2018 2019 2020 2021 2022 2023 2024 2025 2026 2027 2028 2029 2030 2031 2032 2033 2034 2035 2036 2037 2038 2039 2040 2041 2042 2043 2044 2045 2046 2047 2048 2049 2050 2051 2052 2053 2054 2055 2056 2057 2058 2059 2060 2061 2062 2063 2064 2065 2066 2067 2068 2069 2070:=
1 1 1 1 1 1 1 1 1 1 1 1 1 1 1 1 1 1 1 1 1 1 1 1 1 1 1 1 1 1 1 1 1 1 1 1 1 1 1 1 1 1 1 1 1 1 1 1 1 1 1 1 1 1 1 1 1
[RE1,PWRTRN_A,ELC002_A,*,*]:
2015 2016 2017 2018 2019 2020 2021 2022 2023 2024 2025 2026 2027 2028 2029 2030 2031 2032 2033 2034 2035 2036 2037 2038 2039 2040 2041 2042 2043 2044 2045 2046 2047 2048 2049 2050 2051 2052 2053 2054 2055 2056 2057 2058 2059 2060 2061 2062 2063 2064 2065 2066 2067 2068 2069 2070:=
1 1 1 1 1 1 1 1 1 1 1 1 1 1 1 1 1 1 1 1 1 1 1 1 1 1 1 1 1 1 1 1 1 1 1 1 1 1 1 1 1 1 1 1 1 1 1 1 1 1 1 1 1 1 1 1 1
[RE1,PWRDIST_A,ELC003_A,*,*]:
2015 2016 2017 2018 2019 2020 2021 2022 2023 2024 2025 2026 2027 2028 2029 2030 2031 2032 2033 2034 2035 2036 2037 2038 2039 2040 2041 2042 2043 2044 2045 2046 2047 2048 2049 2050 2051 2052 2053 2054 2055 2056 2057 2058 2059 2060 2061 2062 2063 2064 2065 2066 2067 2068 2069 2070:=
1 1 1 1 1 1 1 1 1 1 1 1 1 1 1 1 1 1 1 1 1 1 1 1 1 1 1 1 1 1 1 1 1 1 1 1 1 1 1 1 1 1 1 1 1 1 1 1 1 1 1 1 1 1 1 1 1
[RE1,MINBIO_A,BIO_A,*,*]:
2015 2016 2017 2018 2019 2020 2021 2022 2023 2024 2025 2026 2027 2028 2029 2030 2031 2032 2033 2034 2035 2036 2037 2038 2039 2040 2041 2042 2043 2044 2045 2046 2047 2048 2049 2050 2051 2052 2053 2054 2055 2056 2057 2058 2059 2060 2061 2062 2063 2064 2065 2066 2067 2068 2069 2070:=
1 1 1 1 1 1 1 1 1 1 1 1 1 1 1 1 1 1 1 1 1 1 1 1 1 1 1 1 1 1 1 1 1 1 1 1 1 1 1 1 1 1 1 1 1 1 1 1 1 1 1 1 1 1 1 1 1
[RE1,PWRBIO_A,ELC001_A,*,*]:
2015 2016 2017 2018 2019 2020 2021 2022 2023 2024 2025 2026 2027 2028 2029 2030 2031 2032 2033 2034 2035 2036 2037 2038 2039 2040 2041 2042 2043 2044 2045 2046 2047 2048 2049 2050 2051 2052 2053 2054 2055 2056 2057 2058 2059 2060 2061 2062 2063 2064 2065 2066 2067 2068 2069 2070:=
1 1 1 1 1 1 1 1 1 1 1 1 1 1 1 1 1 1 1 1 1 1 1 1 1 1 1 1 1 1 1 1 1 1 1 1 1 1 1 1 1 1 1 1 1 1 1 1 1 1 1 1 1 1 1 1 1
[RE1,MINHYD_A,HYD_A,*,*]:
2015 2016 2017 2018 2019 2020 2021 2022 2023 2024 2025 2026 2027 2028 2029 2030 2031 2032 2033 2034 2035 2036 2037 2038 2039 2040 2041 2042 2043 2044 2045 2046 2047 2048 2049 2050 2051 2052 2053 2054 2055 2056 2057 2058 2059 2060 2061 2062 2063 2064 2065 2066 2067 2068 2069 2070:=
1 1 1 1 1 1 1 1 1 1 1 1 1 1 1 1 1 1 1 1 1 1 1 1 1 1 1 1 1 1 1 1 1 1 1 1 1 1 1 1 1 1 1 1 1 1 1 1 1 1 1 1 1 1 1 1 1
[RE1,PWRHYD_A,ELC001_A,*,*]:
2015 2016 2017 2018 2019 2020 2021 2022 2023 2024 2025 2026 2027 2028 2029 2030 2031 2032 2033 2034 2035 2036 2037 2038 2039 2040 2041 2042 2043 2044 2045 2046 2047 2048 2049 2050 2051 2052 2053 2054 2055 2056 2057 2058 2059 2060 2061 2062 2063 2064 2065 2066 2067 2068 2069 2070:=
1 1 1 1 1 1 1 1 1 1 1 1 1 1 1 1 1 1 1 1 1 1 1 1 1 1 1 1 1 1 1 1 1 1 1 1 1 1 1 1 1 1 1 1 1 1 1 1 1 1 1 1 1 1 1 1 1
[RE1,MINGEO_A,GEO_A,*,*]:
2015 2016 2017 2018 2019 2020 2021 2022 2023 2024 2025 2026 2027 2028 2029 2030 2031 2032 2033 2034 2035 2036 2037 2038 2039 2040 2041 2042 2043 2044 2045 2046 2047 2048 2049 2050 2051 2052 2053 2054 2055 2056 2057 2058 2059 2060 2061 2062 2063 2064 2065 2066 2067 2068 2069 2070:=
1 1 1 1 1 1 1 1 1 1 1 1 1 1 1 1 1 1 1 1 1 1 1 1 1 1 1 1 1 1 1 1 1 1 1 1 1 1 1 1 1 1 1 1 1 1 1 1 1 1 1 1 1 1 1 1 1
[RE1,PWRGEO_A,ELC001_A,*,*]:
2015 2016 2017 2018 2019 2020 2021 2022 2023 2024 2025 2026 2027 2028 2029 2030 2031 2032 2033 2034 2035 2036 2037 2038 2039 2040 2041 2042 2043 2044 2045 2046 2047 2048 2049 2050 2051 2052 2053 2054 2055 2056 2057 2058 2059 2060 2061 2062 2063 2064 2065 2066 2067 2068 2069 2070:=
1 1 1 1 1 1 1 1 1 1 1 1 1 1 1 1 1 1 1 1 1 1 1 1 1 1 1 1 1 1 1 1 1 1 1 1 1 1 1 1 1 1 1 1 1 1 1 1 1 1 1 1 1 1 1 1 1
[RE1,MINURN_A,URN_A,*,*]:
2015 2016 2017 2018 2019 2020 2021 2022 2023 2024 2025 2026 2027 2028 2029 2030 2031 2032 2033 2034 2035 2036 2037 2038 2039 2040 2041 2042 2043 2044 2045 2046 2047 2048 2049 2050 2051 2052 2053 2054 2055 2056 2057 2058 2059 2060 2061 2062 2063 2064 2065 2066 2067 2068 2069 2070:=
1 1 1 1 1 1 1 1 1 1 1 1 1 1 1 1 1 1 1 1 1 1 1 1 1 1 1 1 1 1 1 1 1 1 1 1 1 1 1 1 1 1 1 1 1 1 1 1 1 1 1 1 1 1 1 1 1
[RE1,PWRNUC_A,ELC001_A,*,*]:
2015 2016 2017 2018 2019 2020 2021 2022 2023 2024 2025 2026 2027 2028 2029 2030 2031 2032 2033 2034 2035 2036 2037 2038 2039 2040 2041 2042 2043 2044 2045 2046 2047 2048 2049 2050 2051 2052 2053 2054 2055 2056 2057 2058 2059 2060 2061 2062 2063 2064 2065 2066 2067 2068 2069 2070:=
1 1 1 1 1 1 1 1 1 1 1 1 1 1 1 1 1 1 1 1 1 1 1 1 1 1 1 1 1 1 1 1 1 1 1 1 1 1 1 1 1 1 1 1 1 1 1 1 1 1 1 1 1 1 1 1 1
[RE1,MINSOL_A,SOL_A,*,*]:
2015 2016 2017 2018 2019 2020 2021 2022 2023 2024 2025 2026 2027 2028 2029 2030 2031 2032 2033 2034 2035 2036 2037 2038 2039 2040 2041 2042 2043 2044 2045 2046 2047 2048 2049 2050 2051 2052 2053 2054 2055 2056 2057 2058 2059 2060 2061 2062 2063 2064 2065 2066 2067 2068 2069 2070:=
1 1 1 1 1 1 1 1 1 1 1 1 1 1 1 1 1 1 1 1 1 1 1 1 1 1 1 1 1 1 1 1 1 1 1 1 1 1 1 1 1 1 1 1 1 1 1 1 1 1 1 1 1 1 1 1 1
[RE1,PWRSOL_A,ELC001_A,*,*]:
2015 2016 2017 2018 2019 2020 2021 2022 2023 2024 2025 2026 2027 2028 2029 2030 2031 2032 2033 2034 2035 2036 2037 2038 2039 2040 2041 2042 2043 2044 2045 2046 2047 2048 2049 2050 2051 2052 2053 2054 2055 2056 2057 2058 2059 2060 2061 2062 2063 2064 2065 2066 2067 2068 2069 2070:=
1 1 1 1 1 1 1 1 1 1 1 1 1 1 1 1 1 1 1 1 1 1 1 1 1 1 1 1 1 1 1 1 1 1 1 1 1 1 1 1 1 1 1 1 1 1 1 1 1 1 1 1 1 1 1 1 1
[RE2,MINWND_B,WND_B,*,*]:
2015 2016 2017 2018 2019 2020 2021 2022 2023 2024 2025 2026 2027 2028 2029 2030 2031 2032 2033 2034 2035 2036 2037 2038 2039 2040 2041 2042 2043 2044 2045 2046 2047 2048 2049 2050 2051 2052 2053 2054 2055 2056 2057 2058 2059 2060 2061 2062 2063 2064 2065 2066 2067 2068 2069 2070:=
1 1 1 1 1 1 1 1 1 1 1 1 1 1 1 1 1 1 1 1 1 1 1 1 1 1 1 1 1 1 1 1 1 1 1 1 1 1 1 1 1 1 1 1 1 1 1 1 1 1 1 1 1 1 1 1 1
[RE2,PWRWND_B,ELC001_B,*,*]:
2015 2016 2017 2018 2019 2020 2021 2022 2023 2024 2025 2026 2027 2028 2029 2030 2031 2032 2033 2034 2035 2036 2037 2038 2039 2040 2041 2042 2043 2044 2045 2046 2047 2048 2049 2050 2051 2052 2053 2054 2055 2056 2057 2058 2059 2060 2061 2062 2063 2064 2065 2066 2067 2068 2069 2070:=
1 1 1 1 1 1 1 1 1 1 1 1 1 1 1 1 1 1 1 1 1 1 1 1 1 1 1 1 1 1 1 1 1 1 1 1 1 1 1 1 1 1 1 1 1 1 1 1 1 1 1 1 1 1 1 1 1
[RE2,PWRTRN_B,ELC002_B,*,*]:
2015 2016 2017 2018 2019 2020 2021 2022 2023 2024 2025 2026 2027 2028 2029 2030 2031 2032 2033 2034 2035 2036 2037 2038 2039 2040 2041 2042 2043 2044 2045 2046 2047 2048 2049 2050 2051 2052 2053 2054 2055 2056 2057 2058 2059 2060 2061 2062 2063 2064 2065 2066 2067 2068 2069 2070:=
1 1 1 1 1 1 1 1 1 1 1 1 1 1 1 1 1 1 1 1 1 1 1 1 1 1 1 1 1 1 1 1 1 1 1 1 1 1 1 1 1 1 1 1 1 1 1 1 1 1 1 1 1 1 1 1 1
[RE2,PWRDIST_B,ELC003_B,*,*]:
2015 2016 2017 2018 2019 2020 2021 2022 2023 2024 2025 2026 2027 2028 2029 2030 2031 2032 2033 2034 2035 2036 2037 2038 2039 2040 2041 2042 2043 2044 2045 2046 2047 2048 2049 2050 2051 2052 2053 2054 2055 2056 2057 2058 2059 2060 2061 2062 2063 2064 2065 2066 2067 2068 2069 2070:=
1 1 1 1 1 1 1 1 1 1 1 1 1 1 1 1 1 1 1 1 1 1 1 1 1 1 1 1 1 1 1 1 1 1 1 1 1 1 1 1 1 1 1 1 1 1 1 1 1 1 1 1 1 1 1 1 1
[RE1,LINFLX_A,ELC002_AB,*,*]:
2015 2016 2017 2018 2019 2020 2021 2022 2023 2024 2025 2026 2027 2028 2029 2030 2031 2032 2033 2034 2035 2036 2037 2038 2039 2040 2041 2042 2043 2044 2045 2046 2047 2048 2049 2050 2051 2052 2053 2054 2055 2056 2057 2058 2059 2060 2061 2062 2063 2064 2065 2066 2067 2068 2069 2070:=
1 1 1 1 1 1 1 1 1 1 1 1 1 1 1 1 1 1 1 1 1 1 1 1 1 1 1 1 1 1 1 1 1 1 1 1 1 1 1 1 1 1 1 1 1 1 1 1 1 1 1 1 1 1 1 1 1
[RE2,LINFLX_B,ELC002_BA,*,*]:
2015 2016 2017 2018 2019 2020 2021 2022 2023 2024 2025 2026 2027 2028 2029 2030 2031 2032 2033 2034 2035 2036 2037 2038 2039 2040 2041 2042 2043 2044 2045 2046 2047 2048 2049 2050 2051 2052 2053 2054 2055 2056 2057 2058 2059 2060 2061 2062 2063 2064 2065 2066 2067 2068 2069 2070:=
1 1 1 1 1 1 1 1 1 1 1 1 1 1 1 1 1 1 1 1 1 1 1 1 1 1 1 1 1 1 1 1 1 1 1 1 1 1 1 1 1 1 1 1 1 1 1 1 1 1 1 1 1 1 1 1 1
;

param REMinProductionTarget default 0 :=
;

param RETagFuel default 0 :=
;

param RETagTechnology default 0 :=
;

param ReserveMargin default 0 :
2015 2016 2017 2018 2019 2020 2021 2022 2023 2024 2025 2026 2027 2028 2029 2030 2031 2032 2033 2034 2035 2036 2037 2038 2039 2040 2041 2042 2043 2044 2045 2046 2047 2048 2049 2050 2051 2052 2053 2054 2055 2056 2057 2058 2059 2060 2061 2062 2063 2064 2065 2066 2067 2068 2069 2070:=
RE1 1.15 1.15 1.15 1.15 1.15 1.15 1.15 1.15 1.15 1.15 1.15 1.15 1.15 1.15 1.15 1.15 1.15 1.15 1.15 1.15 1.15 1.15 1.15 1.15 1.15 1.15 1.15 1.15 1.15 1.15 1.15 1.15 1.15 1.15 1.15 1.15 1.15 1.15 1.15 1.15 1.15 1.15 1.15 1.15 1.15 1.15 1.15 1.15 1.15 1.15 1.15 1.15 1.15 1.15 1.15 1.15
RE2 1.15 1.15 1.15 1.15 1.15 1.15 1.15 1.15 1.15 1.15 1.15 1.15 1.15 1.15 1.15 1.15 1.15 1.15 1.15 1.15 1.15 1.15 1.15 1.15 1.15 1.15 1.15 1.15 1.15 1.15 1.15 1.15 1.15 1.15 1.15 1.15 1.15 1.15 1.15 1.15 1.15 1.15 1.15 1.15 1.15 1.15 1.15 1.15 1.15 1.15 1.15 1.15 1.15 1.15 1.15 1.15
;

param ReserveMarginTagFuel default 0 :=
[RE1,*,*]:
2015 2016 2017 2018 2019 2020 2021 2022 2023 2024 2025 2026 2027 2028 2029 2030 2031 2032 2033 2034 2035 2036 2037 2038 2039 2040 2041 2042 2043 2044 2045 2046 2047 2048 2049 2050 2051 2052 2053 2054 2055 2056 2057 2058 2059 2060 2061 2062 2063 2064 2065 2066 2067 2068 2069 2070:=
ELC003_A 1 1 1 1 1 1 1 1 1 1 1 1 1 1 1 1 1 1 1 1 1 1 1 1 1 1 1 1 1 1 1 1 1 1 1 1 1 1 1 1 1 1 1 1 1 1 1 1 1 1 1 1 1 1 1 1
[RE2,*,*]:
2015 2016 2017 2018 2019 2020 2021 2022 2023 2024 2025 2026 2027 2028 2029 2030 2031 2032 2033 2034 2035 2036 2037 2038 2039 2040 2041 2042 2043 2044 2045 2046 2047 2048 2049 2050 2051 2052 2053 2054 2055 2056 2057 2058 2059 2060 2061 2062 2063 2064 2065 2066 2067 2068 2069 2070:=
ELC003_B 1 1 1 1 1 1 1 1 1 1 1 1 1 1 1 1 1 1 1 1 1 1 1 1 1 1 1 1 1 1 1 1 1 1 1 1 1 1 1 1 1 1 1 1 1 1 1 1 1 1 1 1 1 1 1 1
;

param ReserveMarginTagTechnology default 0 :=
[RE1,*,*]:
2015 2016 2017 2018 2019 2020 2021 2022 2023 2024 2025 2026 2027 2028 2029 2030 2031 2032 2033 2034 2035 2036 2037 2038 2039 2040 2041 2042 2043 2044 2045 2046 2047 2048 2049 2050 2051 2052 2053 2054 2055 2056 2057 2058 2059 2060 2061 2062 2063 2064 2065 2066 2067 2068 2069 2070:=
BACKSTOP_A 1 1 1 1 1 1 1 1 1 1 1 1 1 1 1 1 1 1 1 1 1 1 1 1 1 1 1 1 1 1 1 1 1 1 1 1 1 1 1 1 1 1 1 1 1 1 1 1 1 1 1 1 1 1 1 1
PWRCOA_A 1 1 1 1 1 1 1 1 1 1 1 1 1 1 1 1 1 1 1 1 1 1 1 1 1 1 1 1 1 1 1 1 1 1 1 1 1 1 1 1 1 1 1 1 1 1 1 1 1 1 1 1 1 1 1 1
PWROHC_A 1 1 1 1 1 1 1 1 1 1 1 1 1 1 1 1 1 1 1 1 1 1 1 1 1 1 1 1 1 1 1 1 1 1 1 1 1 1 1 1 1 1 1 1 1 1 1 1 1 1 1 1 1 1 1 1
PWRNGS001_A 1 1 1 1 1 1 1 1 1 1 1 1 1 1 1 1 1 1 1 1 1 1 1 1 1 1 1 1 1 1 1 1 1 1 1 1 1 1 1 1 1 1 1 1 1 1 1 1 1 1 1 1 1 1 1 1
PWRNGS002_A 1 1 1 1 1 1 1 1 1 1 1 1 1 1 1 1 1 1 1 1 1 1 1 1 1 1 1 1 1 1 1 1 1 1 1 1 1 1 1 1 1 1 1 1 1 1 1 1 1 1 1 1 1 1 1 1
PWRDIST_A 1 1 1 1 1 1 1 1 1 1 1 1 1 1 1 1 1 1 1 1 1 1 1 1 1 1 1 1 1 1 1 1 1 1 1 1 1 1 1 1 1 1 1 1 1 1 1 1 1 1 1 1 1 1 1 1
PWRBIO_A 1 1 1 1 1 1 1 1 1 1 1 1 1 1 1 1 1 1 1 1 1 1 1 1 1 1 1 1 1 1 1 1 1 1 1 1 1 1 1 1 1 1 1 1 1 1 1 1 1 1 1 1 1 1 1 1
PWRHYD_A 1 1 1 1 1 1 1 1 1 1 1 1 1 1 1 1 1 1 1 1 1 1 1 1 1 1 1 1 1 1 1 1 1 1 1 1 1 1 1 1 1 1 1 1 1 1 1 1 1 1 1 1 1 1 1 1
PWRGEO_A 1 1 1 1 1 1 1 1 1 1 1 1 1 1 1 1 1 1 1 1 1 1 1 1 1 1 1 1 1 1 1 1 1 1 1 1 1 1 1 1 1 1 1 1 1 1 1 1 1 1 1 1 1 1 1 1
PWRNUC_A 1 1 1 1 1 1 1 1 1 1 1 1 1 1 1 1 1 1 1 1 1 1 1 1 1 1 1 1 1 1 1 1 1 1 1 1 1 1 1 1 1 1 1 1 1 1 1 1 1 1 1 1 1 1 1 1
[RE2,*,*]:
2015 2016 2017 2018 2019 2020 2021 2022 2023 2024 2025 2026 2027 2028 2029 2030 2031 2032 2033 2034 2035 2036 2037 2038 2039 2040 2041 2042 2043 2044 2045 2046 2047 2048 2049 2050 2051 2052 2053 2054 2055 2056 2057 2058 2059 2060 2061 2062 2063 2064 2065 2066 2067 2068 2069 2070:=
;

param ResidualCapacity default 0 :=
[RE1,*,*]:
2015 2016 2017 2018 2019 2020 2021 2022 2023 2024 2025 2026 2027 2028 2029 2030 2031 2032 2033 2034 2035 2036 2037 2038 2039 2040 2041 2042 2043 2044 2045 2046 2047 2048 2049 2050 2051 2052 2053 2054 2055 2056 2057 2058 2059 2060 2061 2062 2063 2064 2065 2066 2067 2068 2069 2070:=
PWROHC_A 0.2875 0.2875 0.2875 0.2875 0.2875 0.2875 0 0 0 0 0 0 0 0 0 0 0 0 0 0 0 0 0 0 0 0 0 0 0 0 0 0 0 0 0 0 0 0 0 0 0 0 0 0 0 0 0 0 0 0 0 0 0 0 0 0
PWRTRN_A 1.40433 1.40433 1.40433 1.40433 1.40433 1.40433 1.40433 1.40433 1.40433 1.40433 1.40433 1.40433 1.40433 1.40433 1.40433 1.40433 1.40433 1.40433 1.40433 1.40433 1.40433 1.40433 1.40433 1.40433 1.40433 1.40433 1.40433 1.40433 1.40433 1.40433 1.40433 1.40433 1.40433 1.40433 1.40433 1.40433 0 0 0 0 0 0 0 0 0 0 0 0 0 0 0 0 0 0 0 0
PWRDIST_A 1.334113 1.334113 1.334113 1.334113 1.334113 1.334113 1.334113 1.334113 1.334113 1.334113 1.334113 1.334113 1.334113 1.334113 1.334113 1.334113 1.334113 1.334113 1.334113 1.334113 1.334113 1.334113 1.334113 1.334113 1.334113 1.334113 1.334113 1.334113 1.334113 1.334113 1.334113 1.334113 1.334113 1.334113 1.334113 1.334113 0 0 0 0 0 0 0 0 0 0 0 0 0 0 0 0 0 0 0 0
PWRBIO_A 0.09 0.09 0.09 0.09 0.09 0.09 0.09 0.09 0.09 0.09 0.09 0.09 0.09 0.09 0.09 0.09 0 0 0 0 0 0 0 0 0 0 0 0 0 0 0 0 0 0 0 0 0 0 0 0 0 0 0 0 0 0 0 0 0 0 0 0 0 0 0 0
PWRHYD_A 0.499 0.499 0.499 0.499 0.499 0.499 0.499 0.499 0.499 0.499 0.499 0.499 0.499 0.274 0.274 0.274 0.274 0.274 0.274 0.274 0.274 0.274 0.106 0.106 0.106 0 0 0 0 0 0 0 0 0 0 0 0 0 0 0 0 0 0 0 0 0 0 0 0 0 0 0 0 0 0 0
PWRGEO_A 0.419 0.419 0.419 0.419 0.419 0.419 0.419 0.419 0.419 0.419 0.419 0.419 0.419 0.419 0.419 0.419 0.419 0.419 0.419 0.419 0.419 0.419 0.419 0.419 0.279 0 0 0 0 0 0 0 0 0 0 0 0 0 0 0 0 0 0 0 0 0 0 0 0 0 0 0 0 0 0 0
PWRSOL_A 0.024 0.024 0.024 0.024 0.024 0.024 0.024 0.024 0.024 0.024 0.024 0.024 0.024 0.024 0.024 0.024 0.024 0.024 0.024 0.024 0.024 0.024 0.024 0 0 0 0 0 0 0 0 0 0 0 0 0 0 0 0 0 0 0 0 0 0 0 0 0 0 0 0 0 0 0 0 0
[RE2,*,*]:
2015 2016 2017 2018 2019 2020 2021 2022 2023 2024 2025 2026 2027 2028 2029 2030 2031 2032 2033 2034 2035 2036 2037 2038 2039 2040 2041 2042 2043 2044 2045 2046 2047 2048 2049 2050 2051 2052 2053 2054 2055 2056 2057 2058 2059 2060 2061 2062 2063 2064 2065 2066 2067 2068 2069 2070:=
PWRWND_B 0.336 0.336 0.336 0.31 0.31 0.31 0.31 0.31 0.31 0.31 0.31 0.31 0.31 0.31 0.31 0.31 0.31 0.31 0.31 0.31 0.31 0.31 0.31 0.31 0.31 0.31 0.31 0 0 0 0 0 0 0 0 0 0 0 0 0 0 0 0 0 0 0 0 0 0 0 0 0 0 0 0 0
PWRTRN_B 1.40433 1.40433 1.40433 1.40433 1.40433 1.40433 1.40433 1.40433 1.40433 1.40433 1.40433 1.40433 1.40433 1.40433 1.40433 1.40433 1.40433 1.40433 1.40433 1.40433 1.40433 1.40433 1.40433 1.40433 1.40433 1.40433 1.40433 1.40433 1.40433 1.40433 1.40433 1.40433 1.40433 1.40433 1.40433 1.40433 0 0 0 0 0 0 0 0 0 0 0 0 0 0 0 0 0 0 0 0
PWRDIST_B 1.334113 1.334113 1.334113 1.334113 1.334113 1.334113 1.334113 1.334113 1.334113 1.334113 1.334113 1.334113 1.334113 1.334113 1.334113 1.334113 1.334113 1.334113 1.334113 1.334113 1.334113 1.334113 1.334113 1.334113 1.334113 1.334113 1.334113 1.334113 1.334113 1.334113 1.334113 1.334113 1.334113 1.334113 1.334113 1.334113 0 0 0 0 0 0 0 0 0 0 0 0 0 0 0 0 0 0 0 0
;

param SpecifiedAnnualDemand default 0 :=
[RE1,*,*]:
2015 2016 2017 2018 2019 2020 2021 2022 2023 2024 2025 2026 2027 2028 2029 2030 2031 2032 2033 2034 2035 2036 2037 2038 2039 2040 2041 2042 2043 2044 2045 2046 2047 2048 2049 2050 2051 2052 2053 2054 2055 2056 2057 2058 2059 2060 2061 2062 2063 2064 2065 2066 2067 2068 2069 2070:=
ELC003_A 28.52278 29.7936 32.16604 34.53847 36.91091 39.28334001 41.40871 43.68492999 46.12041 48.72429 51.50643 55.09547 58.93177 63.03170999 67.41263 72.09308999 77.25615001 82.82054001 88.81363999 95.26521001 104.3989 112.4723 121.1542 130.4909 140.5323 151.3321 160.2298 169.6494 179.6214 190.1783 201.3542 213.4144 226.1802 239.6929 253.9962 269.1363 0 0 0 0 0 0 0 0 0 0 0 0 0 0 0 0 0 0 0 0
[RE2,*,*]:
2015 2016 2017 2018 2019 2020 2021 2022 2023 2024 2025 2026 2027 2028 2029 2030 2031 2032 2033 2034 2035 2036 2037 2038 2039 2040 2041 2042 2043 2044 2045 2046 2047 2048 2049 2050 2051 2052 2053 2054 2055 2056 2057 2058 2059 2060 2061 2062 2063 2064 2065 2066 2067 2068 2069 2070:=
ELC003_B 28.52278 29.7936 32.16604 34.53847 36.91091 39.28334001 41.40871 43.68492999 46.12041 48.72429 51.50643 55.09547 58.93177 63.03170999 67.41263 72.09308999 77.25615001 82.82054001 88.81363999 95.26521001 104.3989 112.4723 121.1542 130.4909 140.5323 151.3321 160.2298 169.6494 179.6214 190.1783 201.3542 213.4144 226.1802 239.6929 253.9962 269.1363 0 0 0 0 0 0 0 0 0 0 0 0 0 0 0 0 0 0 0 0
;

param SpecifiedDemandProfile default 0 :=
[RE1,ELC003_A,*,*]:
2015 2016 2017 2018 2019 2020 2021 2022 2023 2024 2025 2026 2027 2028 2029 2030 2031 2032 2033 2034 2035 2036 2037 2038 2039 2040 2041 2042 2043 2044 2045 2046 2047 2048 2049 2050 2051 2052 2053 2054 2055 2056 2057 2058 2059 2060 2061 2062 2063 2064 2065 2066 2067 2068 2069 2070:=
S101 0.110239332 0.110239332 0.110239332 0.110239332 0.110239332 0.110239332 0.110239332 0.110239332 0.110239332 0.110239332 0.110239332 0.110239332 0.110239332 0.110239332 0.110239332 0.110239332 0.110239332 0.110239332 0.110239332 0.110239332 0.110239332 0.110239332 0.110239332 0.110239332 0.110239332 0.110239332 0.110239332 0.110239332 0.110239332 0.110239332 0.110239332 0.110239332 0.110239332 0.110239332 0.110239332 0.110239332 0.110239332 0.110239332 0.110239332 0.110239332 0.110239332 0.110239332 0.110239332 0.110239332 0.110239332 0.110239332 0.110239332 0.110239332 0.110239332 0.110239332 0.110239332 0.110239332 0.110239332 0.110239332 0.110239332 0.110239332
S102 0.135874884 0.135874884 0.135874884 0.135874884 0.135874884 0.135874884 0.135874884 0.135874884 0.135874884 0.135874884 0.135874884 0.135874884 0.135874884 0.135874884 0.135874884 0.135874884 0.135874884 0.135874884 0.135874884 0.135874884 0.135874884 0.135874884 0.135874884 0.135874884 0.135874884 0.135874884 0.135874884 0.135874884 0.135874884 0.135874884 0.135874884 0.135874884 0.135874884 0.135874884 0.135874884 0.135874884 0.135874884 0.135874884 0.135874884 0.135874884 0.135874884 0.135874884 0.135874884 0.135874884 0.135874884 0.135874884 0.135874884 0.135874884 0.135874884 0.135874884 0.135874884 0.135874884 0.135874884 0.135874884 0.135874884 0.135874884
S103 0.108594132 0.108594132 0.108594132 0.108594132 0.108594132 0.108594132 0.108594132 0.108594132 0.108594132 0.108594132 0.108594132 0.108594132 0.108594132 0.108594132 0.108594132 0.108594132 0.108594132 0.108594132 0.108594132 0.108594132 0.108594132 0.108594132 0.108594132 0.108594132 0.108594132 0.108594132 0.108594132 0.108594132 0.108594132 0.108594132 0.108594132 0.108594132 0.108594132 0.108594132 0.108594132 0.108594132 0.108594132 0.108594132 0.108594132 0.108594132 0.108594132 0.108594132 0.108594132 0.108594132 0.108594132 0.108594132 0.108594132 0.108594132 0.108594132 0.108594132 0.108594132 0.108594132 0.108594132 0.108594132 0.108594132 0.108594132
S104 0.135637548 0.135637548 0.135637548 0.135637548 0.135637548 0.135637548 0.135637548 0.135637548 0.135637548 0.135637548 0.135637548 0.135637548 0.135637548 0.135637548 0.135637548 0.135637548 0.135637548 0.135637548 0.135637548 0.135637548 0.135637548 0.135637548 0.135637548 0.135637548 0.135637548 0.135637548 0.135637548 0.135637548 0.135637548 0.135637548 0.135637548 0.135637548 0.135637548 0.135637548 0.135637548 0.135637548 0.135637548 0.135637548 0.135637548 0.135637548 0.135637548 0.135637548 0.135637548 0.135637548 0.135637548 0.135637548 0.135637548 0.135637548 0.135637548 0.135637548 0.135637548 0.135637548 0.135637548 0.135637548 0.135637548 0.135637548
S105 0.110977692 0.110977692 0.110977692 0.110977692 0.110977692 0.110977692 0.110977692 0.110977692 0.110977692 0.110977692 0.110977692 0.110977692 0.110977692 0.110977692 0.110977692 0.110977692 0.110977692 0.110977692 0.110977692 0.110977692 0.110977692 0.110977692 0.110977692 0.110977692 0.110977692 0.110977692 0.110977692 0.110977692 0.110977692 0.110977692 0.110977692 0.110977692 0.110977692 0.110977692 0.110977692 0.110977692 0.110977692 0.110977692 0.110977692 0.110977692 0.110977692 0.110977692 0.110977692 0.110977692 0.110977692 0.110977692 0.110977692 0.110977692 0.110977692 0.110977692 0.110977692 0.110977692 0.110977692 0.110977692 0.110977692 0.110977692
S106 0.139665996 0.139665996 0.139665996 0.139665996 0.139665996 0.139665996 0.139665996 0.139665996 0.139665996 0.139665996 0.139665996 0.139665996 0.139665996 0.139665996 0.139665996 0.139665996 0.139665996 0.139665996 0.139665996 0.139665996 0.139665996 0.139665996 0.139665996 0.139665996 0.139665996 0.139665996 0.139665996 0.139665996 0.139665996 0.139665996 0.139665996 0.139665996 0.139665996 0.139665996 0.139665996 0.139665996 0.139665996 0.139665996 0.139665996 0.139665996 0.139665996 0.139665996 0.139665996 0.139665996 0.139665996 0.139665996 0.139665996 0.139665996 0.139665996 0.139665996 0.139665996 0.139665996 0.139665996 0.139665996 0.139665996 0.139665996
S107 0.114990948 0.114990948 0.114990948 0.114990948 0.114990948 0.114990948 0.114990948 0.114990948 0.114990948 0.114990948 0.114990948 0.114990948 0.114990948 0.114990948 0.114990948 0.114990948 0.114990948 0.114990948 0.114990948 0.114990948 0.114990948 0.114990948 0.114990948 0.114990948 0.114990948 0.114990948 0.114990948 0.114990948 0.114990948 0.114990948 0.114990948 0.114990948 0.114990948 0.114990948 0.114990948 0.114990948 0.114990948 0.114990948 0.114990948 0.114990948 0.114990948 0.114990948 0.114990948 0.114990948 0.114990948 0.114990948 0.114990948 0.114990948 0.114990948 0.114990948 0.114990948 0.114990948 0.114990948 0.114990948 0.114990948 0.114990948
S108 0.144019476 0.144019476 0.144019476 0.144019476 0.144019476 0.144019476 0.144019476 0.144019476 0.144019476 0.144019476 0.144019476 0.144019476 0.144019476 0.144019476 0.144019476 0.144019476 0.144019476 0.144019476 0.144019476 0.144019476 0.144019476 0.144019476 0.144019476 0.144019476 0.144019476 0.144019476 0.144019476 0.144019476 0.144019476 0.144019476 0.144019476 0.144019476 0.144019476 0.144019476 0.144019476 0.144019476 0.144019476 0.144019476 0.144019476 0.144019476 0.144019476 0.144019476 0.144019476 0.144019476 0.144019476 0.144019476 0.144019476 0.144019476 0.144019476 0.144019476 0.144019476 0.144019476 0.144019476 0.144019476 0.144019476 0.144019476
[RE2,ELC003_B,*,*]:
2015 2016 2017 2018 2019 2020 2021 2022 2023 2024 2025 2026 2027 2028 2029 2030 2031 2032 2033 2034 2035 2036 2037 2038 2039 2040 2041 2042 2043 2044 2045 2046 2047 2048 2049 2050 2051 2052 2053 2054 2055 2056 2057 2058 2059 2060 2061 2062 2063 2064 2065 2066 2067 2068 2069 2070:=
S101 0.110239332 0.110239332 0.110239332 0.110239332 0.110239332 0.110239332 0.110239332 0.110239332 0.110239332 0.110239332 0.110239332 0.110239332 0.110239332 0.110239332 0.110239332 0.110239332 0.110239332 0.110239332 0.110239332 0.110239332 0.110239332 0.110239332 0.110239332 0.110239332 0.110239332 0.110239332 0.110239332 0.110239332 0.110239332 0.110239332 0.110239332 0.110239332 0.110239332 0.110239332 0.110239332 0.110239332 0.110239332 0.110239332 0.110239332 0.110239332 0.110239332 0.110239332 0.110239332 0.110239332 0.110239332 0.110239332 0.110239332 0.110239332 0.110239332 0.110239332 0.110239332 0.110239332 0.110239332 0.110239332 0.110239332 0.110239332
S102 0.135874884 0.135874884 0.135874884 0.135874884 0.135874884 0.135874884 0.135874884 0.135874884 0.135874884 0.135874884 0.135874884 0.135874884 0.135874884 0.135874884 0.135874884 0.135874884 0.135874884 0.135874884 0.135874884 0.135874884 0.135874884 0.135874884 0.135874884 0.135874884 0.135874884 0.135874884 0.135874884 0.135874884 0.135874884 0.135874884 0.135874884 0.135874884 0.135874884 0.135874884 0.135874884 0.135874884 0.135874884 0.135874884 0.135874884 0.135874884 0.135874884 0.135874884 0.135874884 0.135874884 0.135874884 0.135874884 0.135874884 0.135874884 0.135874884 0.135874884 0.135874884 0.135874884 0.135874884 0.135874884 0.135874884 0.135874884
S103 0.108594132 0.108594132 0.108594132 0.108594132 0.108594132 0.108594132 0.108594132 0.108594132 0.108594132 0.108594132 0.108594132 0.108594132 0.108594132 0.108594132 0.108594132 0.108594132 0.108594132 0.108594132 0.108594132 0.108594132 0.108594132 0.108594132 0.108594132 0.108594132 0.108594132 0.108594132 0.108594132 0.108594132 0.108594132 0.108594132 0.108594132 0.108594132 0.108594132 0.108594132 0.108594132 0.108594132 0.108594132 0.108594132 0.108594132 0.108594132 0.108594132 0.108594132 0.108594132 0.108594132 0.108594132 0.108594132 0.108594132 0.108594132 0.108594132 0.108594132 0.108594132 0.108594132 0.108594132 0.108594132 0.108594132 0.108594132
S104 0.135637548 0.135637548 0.135637548 0.135637548 0.135637548 0.135637548 0.135637548 0.135637548 0.135637548 0.135637548 0.135637548 0.135637548 0.135637548 0.135637548 0.135637548 0.135637548 0.135637548 0.135637548 0.135637548 0.135637548 0.135637548 0.135637548 0.135637548 0.135637548 0.135637548 0.135637548 0.135637548 0.135637548 0.135637548 0.135637548 0.135637548 0.135637548 0.135637548 0.135637548 0.135637548 0.135637548 0.135637548 0.135637548 0.135637548 0.135637548 0.135637548 0.135637548 0.135637548 0.135637548 0.135637548 0.135637548 0.135637548 0.135637548 0.135637548 0.135637548 0.135637548 0.135637548 0.135637548 0.135637548 0.135637548 0.135637548
S105 0.110977692 0.110977692 0.110977692 0.110977692 0.110977692 0.110977692 0.110977692 0.110977692 0.110977692 0.110977692 0.110977692 0.110977692 0.110977692 0.110977692 0.110977692 0.110977692 0.110977692 0.110977692 0.110977692 0.110977692 0.110977692 0.110977692 0.110977692 0.110977692 0.110977692 0.110977692 0.110977692 0.110977692 0.110977692 0.110977692 0.110977692 0.110977692 0.110977692 0.110977692 0.110977692 0.110977692 0.110977692 0.110977692 0.110977692 0.110977692 0.110977692 0.110977692 0.110977692 0.110977692 0.110977692 0.110977692 0.110977692 0.110977692 0.110977692 0.110977692 0.110977692 0.110977692 0.110977692 0.110977692 0.110977692 0.110977692
S106 0.139665996 0.139665996 0.139665996 0.139665996 0.139665996 0.139665996 0.139665996 0.139665996 0.139665996 0.139665996 0.139665996 0.139665996 0.139665996 0.139665996 0.139665996 0.139665996 0.139665996 0.139665996 0.139665996 0.139665996 0.139665996 0.139665996 0.139665996 0.139665996 0.139665996 0.139665996 0.139665996 0.139665996 0.139665996 0.139665996 0.139665996 0.139665996 0.139665996 0.139665996 0.139665996 0.139665996 0.139665996 0.139665996 0.139665996 0.139665996 0.139665996 0.139665996 0.139665996 0.139665996 0.139665996 0.139665996 0.139665996 0.139665996 0.139665996 0.139665996 0.139665996 0.139665996 0.139665996 0.139665996 0.139665996 0.139665996
S107 0.114990948 0.114990948 0.114990948 0.114990948 0.114990948 0.114990948 0.114990948 0.114990948 0.114990948 0.114990948 0.114990948 0.114990948 0.114990948 0.114990948 0.114990948 0.114990948 0.114990948 0.114990948 0.114990948 0.114990948 0.114990948 0.114990948 0.114990948 0.114990948 0.114990948 0.114990948 0.114990948 0.114990948 0.114990948 0.114990948 0.114990948 0.114990948 0.114990948 0.114990948 0.114990948 0.114990948 0.114990948 0.114990948 0.114990948 0.114990948 0.114990948 0.114990948 0.114990948 0.114990948 0.114990948 0.114990948 0.114990948 0.114990948 0.114990948 0.114990948 0.114990948 0.114990948 0.114990948 0.114990948 0.114990948 0.114990948
S108 0.144019476 0.144019476 0.144019476 0.144019476 0.144019476 0.144019476 0.144019476 0.144019476 0.144019476 0.144019476 0.144019476 0.144019476 0.144019476 0.144019476 0.144019476 0.144019476 0.144019476 0.144019476 0.144019476 0.144019476 0.144019476 0.144019476 0.144019476 0.144019476 0.144019476 0.144019476 0.144019476 0.144019476 0.144019476 0.144019476 0.144019476 0.144019476 0.144019476 0.144019476 0.144019476 0.144019476 0.144019476 0.144019476 0.144019476 0.144019476 0.144019476 0.144019476 0.144019476 0.144019476 0.144019476 0.144019476 0.144019476 0.144019476 0.144019476 0.144019476 0.144019476 0.144019476 0.144019476 0.144019476 0.144019476 0.144019476
;

param TotalAnnualMaxCapacity default 99999 :=
;

param TotalAnnualMaxCapacityInvestment default 99999 :=
;

param TotalAnnualMinCapacity default 0 :=
;

param TotalAnnualMinCapacityInvestment default 0 :=
;

param TotalTechnologyAnnualActivityLowerLimit default 0 :=
;

param TotalTechnologyAnnualActivityUpperLimit default 99999 :=
;

param TotalTechnologyModelPeriodActivityLowerLimit default 0 :
BACKSTOP_A MINCOA_A MINOIL_A MINNGS_A IMPCOA_A IMPOIL_A IMPNGS_A PWRCOA_A PWROHC_A PWRNGS001_A PWRNGS002_A PWRTRN_A PWRDIST_A MINBIO_A PWRBIO_A MINHYD_A PWRHYD_A MINGEO_A PWRGEO_A MINURN_A PWRNUC_A MINSOL_A PWRSOL_A MINWND_B PWRWND_B PWRTRN_B PWRDIST_B LINFLX_A LINFLX_B:=
;

param TotalTechnologyModelPeriodActivityUpperLimit default 99999 :
BACKSTOP_A MINCOA_A MINOIL_A MINNGS_A IMPCOA_A IMPOIL_A IMPNGS_A PWRCOA_A PWROHC_A PWRNGS001_A PWRNGS002_A PWRTRN_A PWRDIST_A MINBIO_A PWRBIO_A MINHYD_A PWRHYD_A MINGEO_A PWRGEO_A MINURN_A PWRNUC_A MINSOL_A PWRSOL_A MINWND_B PWRWND_B PWRTRN_B PWRDIST_B LINFLX_A LINFLX_B :=
RE1 99999 11723.04 99999 99999 99999 99999 99999 99999 99999 99999 99999 99999 99999 99999 99999 99999 99999 99999 99999 99999 99999 99999 99999 0 0 0 0 99999 0
RE2 0 0 0 0 0 0 0 0 0 0 0 0 0 0 0 0 0 0 0 0 0 0 0 99999 99999 99999 99999 0 99999
;

param TradeRoute default 0 :=
;

param VariableCost default 0.0001 :=
[RE1,BACKSTOP_A,*,*]:
2015 2016 2017 2018 2019 2020 2021 2022 2023 2024 2025 2026 2027 2028 2029 2030 2031 2032 2033 2034 2035 2036 2037 2038 2039 2040 2041 2042 2043 2044 2045 2046 2047 2048 2049 2050 2051 2052 2053 2054 2055 2056 2057 2058 2059 2060 2061 2062 2063 2064 2065 2066 2067 2068 2069 2070:=
1 9999999 9999999 9999999 9999999 9999999 9999999 9999999 9999999 9999999 9999999 9999999 9999999 9999999 9999999 9999999 9999999 9999999 9999999 9999999 9999999 9999999 9999999 9999999 9999999 9999999 9999999 9999999 9999999 9999999 9999999 9999999 9999999 9999999 9999999 9999999 9999999 9999999 9999999 9999999 9999999 9999999 9999999 9999999 9999999 9999999 9999999 9999999 9999999 9999999 9999999 9999999 9999999 9999999 9999999 9999999 9999999
[RE1,MINCOA_A,*,*]:
2015 2016 2017 2018 2019 2020 2021 2022 2023 2024 2025 2026 2027 2028 2029 2030 2031 2032 2033 2034 2035 2036 2037 2038 2039 2040 2041 2042 2043 2044 2045 2046 2047 2048 2049 2050 2051 2052 2053 2054 2055 2056 2057 2058 2059 2060 2061 2062 2063 2064 2065 2066 2067 2068 2069 2070:=
1 3.3 3.540101 4.292781 4.226323 4.160099 4.09411 4.029255 3.964608 3.900171 3.835943 3.771924 3.781553 3.79112 3.800627 3.810073 3.819458 3.827672 3.835886 3.8441 3.852314 3.860528 3.860528 3.860528 3.860528 3.860528 3.860528 3.861011 3.861495 3.861979 3.862462 3.862946 3.86343 3.863913 3.864397 3.864881 3.865364 3.865848 3.866332 3.866815 3.867299 3.867782 3.868266 3.86875 3.869233 3.869717 3.870201 3.870684 3.871168 3.871652 3.872135 3.872619 3.873103 3.873586 3.87407 3.874554 3.875037
[RE1,MINOIL_A,*,*]:
2015 2016 2017 2018 2019 2020 2021 2022 2023 2024 2025 2026 2027 2028 2029 2030 2031 2032 2033 2034 2035 2036 2037 2038 2039 2040 2041 2042 2043 2044 2045 2046 2047 2048 2049 2050 2051 2052 2053 2054 2055 2056 2057 2058 2059 2060 2061 2062 2063 2064 2065 2066 2067 2068 2069 2070:=
1 11.95 9.39 7.68 9.73 11.6 11.09 11.192 11.294 11.396 11.498 11.6 11.874 12.148 12.422 12.696 12.97 13.21 13.45 13.69 13.93 14.16 14.4 14.64 14.88 15.12 15.36 15.6 15.84 16.08 16.32 16.55 16.79 17.03 17.27 17.51 17.75 17.99 18.23 18.47 18.71 18.94 19.18 19.42 19.66 19.9 20.14 20.37 20.6 20.83 21.06 21.33 21.57 21.81 22.05 22.29 22.53
[RE1,MINNGS_A,*,*]:
2015 2016 2017 2018 2019 2020 2021 2022 2023 2024 2025 2026 2027 2028 2029 2030 2031 2032 2033 2034 2035 2036 2037 2038 2039 2040 2041 2042 2043 2044 2045 2046 2047 2048 2049 2050 2051 2052 2053 2054 2055 2056 2057 2058 2059 2060 2061 2062 2063 2064 2065 2066 2067 2068 2069 2070:=
1 7.1 6.851255 7.400409 7.872129 8.352484 8.841474 9.189587 9.533479 9.873149 10.2086 10.53983 10.52787 10.51541 10.50245 10.48899 10.47503 10.49732 10.5196 10.54189 10.56418 10.58646 10.65333 10.72019 10.78705 10.85391 10.92077 10.97199 11.0232 11.07441 11.12562 11.17683 11.22804 11.27925 11.33046 11.38167 11.43288 11.48409 11.53531 11.58652 11.63773 11.68894 11.74015 11.79136 11.84257 11.89378 11.94499 11.9962 12.04741 12.09863 12.14984 12.20105 12.25226 12.30347 12.35468 12.40589 12.4571
[RE1,IMPCOA_A,*,*]:
2015 2016 2017 2018 2019 2020 2021 2022 2023 2024 2025 2026 2027 2028 2029 2030 2031 2032 2033 2034 2035 2036 2037 2038 2039 2040 2041 2042 2043 2044 2045 2046 2047 2048 2049 2050 2051 2052 2053 2054 2055 2056 2057 2058 2059 2060 2061 2062 2063 2064 2065 2066 2067 2068 2069 2070:=
1 4.9 5.267155 6.399988 6.313714 6.22744 6.141165 6.054891 5.968617 5.882342 5.796068 5.709793 5.734891 5.759989 5.785087 5.810185 5.835283 5.847832 5.860381 5.87293 5.885479 5.898028 5.898028 5.898028 5.898028 5.898028 5.898028 5.898767 5.899506 5.900245 5.900984 5.901723 5.902462 5.903201 5.90394 5.904679 5.905418 5.906156 5.906895 5.907634 5.908373 5.909112 5.909851 5.91059 5.911329 5.912068 5.912807 5.913546 5.914285 5.915023 5.915762 5.916501 5.91724 5.917979 5.918718 5.919457 5.920196
[RE1,IMPOIL_A,*,*]:
2015 2016 2017 2018 2019 2020 2021 2022 2023 2024 2025 2026 2027 2028 2029 2030 2031 2032 2033 2034 2035 2036 2037 2038 2039 2040 2041 2042 2043 2044 2045 2046 2047 2048 2049 2050 2051 2052 2053 2054 2055 2056 2057 2058 2059 2060 2061 2062 2063 2064 2065 2066 2067 2068 2069 2070:=
1 13.145 10.329 8.448 10.703 12.76 12.199 12.3112 12.4234 12.5356 12.6478 12.76 13.0614 13.3628 13.6642 13.9656 14.267 14.531 14.795 15.059 15.323 15.576 15.84 16.104 16.368 16.632 16.896 17.16 17.424 17.688 17.952 18.205 18.469 18.733 18.997 19.261 19.525 19.789 20.053 20.317 20.581 20.834 21.098 21.362 21.626 21.89 22.154 22.407 22.66 22.913 23.166 23.463 23.727 23.991 24.255 24.519 24.783
[RE1,IMPNGS_A,*,*]:
2015 2016 2017 2018 2019 2020 2021 2022 2023 2024 2025 2026 2027 2028 2029 2030 2031 2032 2033 2034 2035 2036 2037 2038 2039 2040 2041 2042 2043 2044 2045 2046 2047 2048 2049 2050 2051 2052 2053 2054 2055 2056 2057 2058 2059 2060 2061 2062 2063 2064 2065 2066 2067 2068 2069 2070:=
1 9.2 8.7768 9.373774 9.860489 10.3472 10.83392 11.32063 11.80735 12.29406 12.78078 13.2675 13.32518 13.38286 13.44055 13.49823 13.55592 13.58476 13.6136 13.64245 13.67129 13.70013 13.78666 13.87319 13.95971 14.04624 14.13277 14.19904 14.26531 14.33159 14.39786 14.46413 14.5304 14.59668 14.66295 14.72922 14.7955 14.86177 14.92804 14.99431 15.06059 15.12686 15.19313 15.25941 15.32568 15.39195 15.45823 15.5245 15.59077 15.65704 15.72332 15.78959 15.85586 15.92214 15.98841 16.05468 16.12096
[RE1,MINBIO_A,*,*]:
2015 2016 2017 2018 2019 2020 2021 2022 2023 2024 2025 2026 2027 2028 2029 2030 2031 2032 2033 2034 2035 2036 2037 2038 2039 2040 2041 2042 2043 2044 2045 2046 2047 2048 2049 2050 2051 2052 2053 2054 2055 2056 2057 2058 2059 2060 2061 2062 2063 2064 2065 2066 2067 2068 2069 2070:=
1 1.6 1.6 1.6 1.6 1.6 1.6 1.6 1.6 1.6 1.6 1.6 1.6 1.6 1.6 1.6 1.6 1.6 1.6 1.6 1.6 1.6 1.6 1.6 1.6 1.6 1.6 1.6 1.6 1.6 1.6 1.6 1.6 1.6 1.6 1.6 1.6 1.6 1.6 1.6 1.6 1.6 1.6 1.6 1.6 1.6 1.6 1.6 1.6 1.6 1.6 1.6 1.6 1.6 1.6 1.6 1.6
;

param YearSplit default 0 :
2015 2016 2017 2018 2019 2020 2021 2022 2023 2024 2025 2026 2027 2028 2029 2030 2031 2032 2033 2034 2035 2036 2037 2038 2039 2040 2041 2042 2043 2044 2045 2046 2047 2048 2049 2050 2051 2052 2053 2054 2055 2056 2057 2058 2059 2060 2061 2062 2063 2064 2065 2066 2067 2068 2069 2070:=
S101 0.125 0.125 0.125 0.125 0.125 0.125 0.125 0.125 0.125 0.125 0.125 0.125 0.125 0.125 0.125 0.125 0.125 0.125 0.125 0.125 0.125 0.125 0.125 0.125 0.125 0.125 0.125 0.125 0.125 0.125 0.125 0.125 0.125 0.125 0.125 0.125 0.125 0.125 0.125 0.125 0.125 0.125 0.125 0.125 0.125 0.125 0.125 0.125 0.125 0.125 0.125 0.125 0.125 0.125 0.125 0.125
S102 0.125 0.125 0.125 0.125 0.125 0.125 0.125 0.125 0.125 0.125 0.125 0.125 0.125 0.125 0.125 0.125 0.125 0.125 0.125 0.125 0.125 0.125 0.125 0.125 0.125 0.125 0.125 0.125 0.125 0.125 0.125 0.125 0.125 0.125 0.125 0.125 0.125 0.125 0.125 0.125 0.125 0.125 0.125 0.125 0.125 0.125 0.125 0.125 0.125 0.125 0.125 0.125 0.125 0.125 0.125 0.125
S103 0.125 0.125 0.125 0.125 0.125 0.125 0.125 0.125 0.125 0.125 0.125 0.125 0.125 0.125 0.125 0.125 0.125 0.125 0.125 0.125 0.125 0.125 0.125 0.125 0.125 0.125 0.125 0.125 0.125 0.125 0.125 0.125 0.125 0.125 0.125 0.125 0.125 0.125 0.125 0.125 0.125 0.125 0.125 0.125 0.125 0.125 0.125 0.125 0.125 0.125 0.125 0.125 0.125 0.125 0.125 0.125
S104 0.125 0.125 0.125 0.125 0.125 0.125 0.125 0.125 0.125 0.125 0.125 0.125 0.125 0.125 0.125 0.125 0.125 0.125 0.125 0.125 0.125 0.125 0.125 0.125 0.125 0.125 0.125 0.125 0.125 0.125 0.125 0.125 0.125 0.125 0.125 0.125 0.125 0.125 0.125 0.125 0.125 0.125 0.125 0.125 0.125 0.125 0.125 0.125 0.125 0.125 0.125 0.125 0.125 0.125 0.125 0.125
S105 0.125 0.125 0.125 0.125 0.125 0.125 0.125 0.125 0.125 0.125 0.125 0.125 0.125 0.125 0.125 0.125 0.125 0.125 0.125 0.125 0.125 0.125 0.125 0.125 0.125 0.125 0.125 0.125 0.125 0.125 0.125 0.125 0.125 0.125 0.125 0.125 0.125 0.125 0.125 0.125 0.125 0.125 0.125 0.125 0.125 0.125 0.125 0.125 0.125 0.125 0.125 0.125 0.125 0.125 0.125 0.125
S106 0.125 0.125 0.125 0.125 0.125 0.125 0.125 0.125 0.125 0.125 0.125 0.125 0.125 0.125 0.125 0.125 0.125 0.125 0.125 0.125 0.125 0.125 0.125 0.125 0.125 0.125 0.125 0.125 0.125 0.125 0.125 0.125 0.125 0.125 0.125 0.125 0.125 0.125 0.125 0.125 0.125 0.125 0.125 0.125 0.125 0.125 0.125 0.125 0.125 0.125 0.125 0.125 0.125 0.125 0.125 0.125
S107 0.125 0.125 0.125 0.125 0.125 0.125 0.125 0.125 0.125 0.125 0.125 0.125 0.125 0.125 0.125 0.125 0.125 0.125 0.125 0.125 0.125 0.125 0.125 0.125 0.125 0.125 0.125 0.125 0.125 0.125 0.125 0.125 0.125 0.125 0.125 0.125 0.125 0.125 0.125 0.125 0.125 0.125 0.125 0.125 0.125 0.125 0.125 0.125 0.125 0.125 0.125 0.125 0.125 0.125 0.125 0.125
S108 0.125 0.125 0.125 0.125 0.125 0.125 0.125 0.125 0.125 0.125 0.125 0.125 0.125 0.125 0.125 0.125 0.125 0.125 0.125 0.125 0.125 0.125 0.125 0.125 0.125 0.125 0.125 0.125 0.125 0.125 0.125 0.125 0.125 0.125 0.125 0.125 0.125 0.125 0.125 0.125 0.125 0.125 0.125 0.125 0.125 0.125 0.125 0.125 0.125 0.125 0.125 0.125 0.125 0.125 0.125 0.125
;

#
end;
