param FixedCost default 0 :=
[RE1,*,*]:
2015 2016 2017 2018 2019 2020 2021 2022 2023 2024 2025 2026 2027 2028 2029 2030 2031 2032 2033 2034 2035 2036 2037 2038 2039 2040 2041 2042 2043 2044 2045 2046 2047 2048 2049 2050 2051 2052 2053 2054 2055 2056 2057 2058 2059 2060 2061 2062 2063 2064 2065 2066 2067 2068 2069 2070:=
BACKSTOP_A 9999999 9999999 9999999 9999999 9999999 9999999 9999999 9999999 9999999 9999999 9999999 9999999 9999999 9999999 9999999 9999999 9999999 9999999 9999999 9999999 9999999 9999999 9999999 9999999 9999999 9999999 9999999 9999999 9999999 9999999 9999999 9999999 9999999 9999999 9999999 9999999 9999999 9999999 9999999 9999999 9999999 9999999 9999999 9999999 9999999 9999999 9999999 9999999 9999999 9999999 9999999 9999999 9999999 9999999 9999999 9999999
PWRCOA_A 78 78 78 78 78 78 78 78 78 78 78 78 78 78 78 78 78 78 78 78 78 78 78 78 78 78 78 78 78 78 78 78 78 78 78 78 78 78 78 78 78 78 78 78 78 78 78 78 78 78 78 78 78 78 78 78
PWROHC_A 35 35 35 35 35 35 35 35 35 35 35 35 35 35 35 35 35 35 35 35 35 35 35 35 35 35 35 35 35 35 35 35 35 35 35 35 35 35 35 35 35 35 35 35 35 35 35 35 35 35 35 35 35 35 35 35
PWRNGS001_A 35 35 35 35 35 35 35 35 35 35 35 35 35 35 35 35 35 35 35 35 35 35 35 35 35 35 35 35 35 35 35 35 35 35 35 35 35 35 35 35 35 35 35 35 35 35 35 35 35 35 35 35 35 35 35 35
PWRNGS002_A 20 20 20 20 20 20 20 20 20 20 20 20 20 20 20 20 20 20 20 20 20 20 20 20 20 20 20 20 20 20 20 20 20 20 20 20 20 20 20 20 20 20 20 20 20 20 20 20 20 20 20 20 20 20 20 20
PWRBIO_A 75 75 75 75 75 75 75 75 75 75 75 75 75 75 75 75 75 75 75 75 75 75 75 75 75 75 75 75 75 75 75 75 75 75 75 75 75 75 75 75 75 75 75 75 75 75 75 75 75 75 75 75 75 75 75 75
PRWHYD_A 90 90 90 90 90 90 90 90 90 90 90 90 90 90 90 90 90 90 90 90 90 90 90 90 90 90 90 90 90 90 90 90 90 90 90 90 90 90 90 90 90 90 90 90 90 90 90 90 90 90 90 90 90 90 90 90
PWRGEO_A 120 120 120 120 120 120 120 120 120 120 120 120 120 120 120 120 120 120 120 120 120 120 120 120 120 120 120 120 120 120 120 120 120 120 120 120 120 120 120 120 120 120 120 120 120 120 120 120 120 120 120 120 120 120 120 120
PWRNUC_A 184.11 184.11 184.11 184.11 184.11 184.11 184.11 184.11 184.11 184.11 184.11 184.11 184.11 184.11 184.11 184.11 184.11 184.11 184.11 184.11 184.11 184.11 184.11 184.11 184.11 184.11 184.11 184.11 184.11 184.11 184.11 184.11 184.11 184.11 184.11 184.11 184.11 184.11 184.11 184.11 184.11 184.11 184.11 184.11 184.11 184.11 184.11 184.11 184.11 184.11 184.11 184.11 184.11 184.11 184.11 184.11
PWRSOL_A 28.145 26.0988 24.0526 22.0064 19.9602 17.914 16.8896 15.8652 14.8408 13.8164 12.792 12.5372 12.2824 12.0276 11.7728 11.518 11.2944 11.0708 10.8472 10.6236 10.4 10.1998 9.9996 9.7994 9.5992 9.399 9.399 9.399 9.399 9.399 9.399 9.399 9.399 9.399 9.399 9.399 9.399 9.399 9.399 9.399 9.399 9.399 9.399 9.399 9.399 9.399 9.399 9.399 9.399 9.399 9.399 9.399 9.399 9.399 9.399 9.399
PWRWND_A 79.4 75.432 71.464 67.496 63.528 59.56 57.176 54.792 52.408 50.024 47.64 46.808 45.976 45.144 44.312 43.48 42.248 41.016 39.784 38.552 37.32 37.32 37.32 37.32 37.32 37.32 37.32 37.32 37.32 37.32 37.32 37.32 37.32 37.32 37.32 37.32 37.32 37.32 37.32 37.32 37.32 37.32 37.32 37.32 37.32 37.32 37.32 37.32 37.32 37.32 37.32 37.32 37.32 37.32 37.32 37.32
[RE2,*,*]:
2015 2016 2017 2018 2019 2020 2021 2022 2023 2024 2025 2026 2027 2028 2029 2030 2031 2032 2033 2034 2035 2036 2037 2038 2039 2040 2041 2042 2043 2044 2045 2046 2047 2048 2049 2050 2051 2052 2053 2054 2055 2056 2057 2058 2059 2060 2061 2062 2063 2064 2065 2066 2067 2068 2069 2070:=
BACKSTOP_B 9999999 9999999 9999999 9999999 9999999 9999999 9999999 9999999 9999999 9999999 9999999 9999999 9999999 9999999 9999999 9999999 9999999 9999999 9999999 9999999 9999999 9999999 9999999 9999999 9999999 9999999 9999999 9999999 9999999 9999999 9999999 9999999 9999999 9999999 9999999 9999999 9999999 9999999 9999999 9999999 9999999 9999999 9999999 9999999 9999999 9999999 9999999 9999999 9999999 9999999 9999999 9999999 9999999 9999999 9999999 9999999
PWRCOA_B 78 78 78 78 78 78 78 78 78 78 78 78 78 78 78 78 78 78 78 78 78 78 78 78 78 78 78 78 78 78 78 78 78 78 78 78 78 78 78 78 78 78 78 78 78 78 78 78 78 78 78 78 78 78 78 78
PWROHC_B 35 35 35 35 35 35 35 35 35 35 35 35 35 35 35 35 35 35 35 35 35 35 35 35 35 35 35 35 35 35 35 35 35 35 35 35 35 35 35 35 35 35 35 35 35 35 35 35 35 35 35 35 35 35 35 35
PWRNGS001_B 35 35 35 35 35 35 35 35 35 35 35 35 35 35 35 35 35 35 35 35 35 35 35 35 35 35 35 35 35 35 35 35 35 35 35 35 35 35 35 35 35 35 35 35 35 35 35 35 35 35 35 35 35 35 35 35
PWRNGS002_B 20 20 20 20 20 20 20 20 20 20 20 20 20 20 20 20 20 20 20 20 20 20 20 20 20 20 20 20 20 20 20 20 20 20 20 20 20 20 20 20 20 20 20 20 20 20 20 20 20 20 20 20 20 20 20 20
PWRBIO_B 75 75 75 75 75 75 75 75 75 75 75 75 75 75 75 75 75 75 75 75 75 75 75 75 75 75 75 75 75 75 75 75 75 75 75 75 75 75 75 75 75 75 75 75 75 75 75 75 75 75 75 75 75 75 75 75
PRWHYD_B 90 90 90 90 90 90 90 90 90 90 90 90 90 90 90 90 90 90 90 90 90 90 90 90 90 90 90 90 90 90 90 90 90 90 90 90 90 90 90 90 90 90 90 90 90 90 90 90 90 90 90 90 90 90 90 90
PWRGEO_B 120 120 120 120 120 120 120 120 120 120 120 120 120 120 120 120 120 120 120 120 120 120 120 120 120 120 120 120 120 120 120 120 120 120 120 120 120 120 120 120 120 120 120 120 120 120 120 120 120 120 120 120 120 120 120 120
PWRNUC_B 184.11 184.11 184.11 184.11 184.11 184.11 184.11 184.11 184.11 184.11 184.11 184.11 184.11 184.11 184.11 184.11 184.11 184.11 184.11 184.11 184.11 184.11 184.11 184.11 184.11 184.11 184.11 184.11 184.11 184.11 184.11 184.11 184.11 184.11 184.11 184.11 184.11 184.11 184.11 184.11 184.11 184.11 184.11 184.11 184.11 184.11 184.11 184.11 184.11 184.11 184.11 184.11 184.11 184.11 184.11 184.11
PWRSOL_B 28.145 26.0988 24.0526 22.0064 19.9602 17.914 16.8896 15.8652 14.8408 13.8164 12.792 12.5372 12.2824 12.0276 11.7728 11.518 11.2944 11.0708 10.8472 10.6236 10.4 10.1998 9.9996 9.7994 9.5992 9.399 9.399 9.399 9.399 9.399 9.399 9.399 9.399 9.399 9.399 9.399 9.399 9.399 9.399 9.399 9.399 9.399 9.399 9.399 9.399 9.399 9.399 9.399 9.399 9.399 9.399 9.399 9.399 9.399 9.399 9.399
PWRWND_B 79.4 75.432 71.464 67.496 63.528 59.56 57.176 54.792 52.408 50.024 47.64 46.808 45.976 45.144 44.312 43.48 42.248 41.016 39.784 38.552 37.32 37.32 37.32 37.32 37.32 37.32 37.32 37.32 37.32 37.32 37.32 37.32 37.32 37.32 37.32 37.32 37.32 37.32 37.32 37.32 37.32 37.32 37.32 37.32 37.32 37.32 37.32 37.32 37.32 37.32 37.32 37.32 37.32 37.32 37.32 37.32
;

