param SpecifiedDemandProfile default 0 :=
[RE1,ELC003_A,*,*]:
2015 2016 2017 2018 2019 2020 2021 2022 2023 2024 2025 2026 2027 2028 2029 2030 2031 2032 2033 2034 2035 2036 2037 2038 2039 2040 2041 2042 2043 2044 2045 2046 2047 2048 2049 2050 2051 2052 2053 2054 2055 2056 2057 2058 2059 2060 2061 2062 2063 2064 2065 2066 2067 2068 2069 2070:=
S101 0.110239332 0.110239332 0.110239332 0.110239332 0.110239332 0.110239332 0.110239332 0.110239332 0.110239332 0.110239332 0.110239332 0.110239332 0.110239332 0.110239332 0.110239332 0.110239332 0.110239332 0.110239332 0.110239332 0.110239332 0.110239332 0.110239332 0.110239332 0.110239332 0.110239332 0.110239332 0.110239332 0.110239332 0.110239332 0.110239332 0.110239332 0.110239332 0.110239332 0.110239332 0.110239332 0.110239332 0.110239332 0.110239332 0.110239332 0.110239332 0.110239332 0.110239332 0.110239332 0.110239332 0.110239332 0.110239332 0.110239332 0.110239332 0.110239332 0.110239332 0.110239332 0.110239332 0.110239332 0.110239332 0.110239332 0.110239332
S102 0.135874884 0.135874884 0.135874884 0.135874884 0.135874884 0.135874884 0.135874884 0.135874884 0.135874884 0.135874884 0.135874884 0.135874884 0.135874884 0.135874884 0.135874884 0.135874884 0.135874884 0.135874884 0.135874884 0.135874884 0.135874884 0.135874884 0.135874884 0.135874884 0.135874884 0.135874884 0.135874884 0.135874884 0.135874884 0.135874884 0.135874884 0.135874884 0.135874884 0.135874884 0.135874884 0.135874884 0.135874884 0.135874884 0.135874884 0.135874884 0.135874884 0.135874884 0.135874884 0.135874884 0.135874884 0.135874884 0.135874884 0.135874884 0.135874884 0.135874884 0.135874884 0.135874884 0.135874884 0.135874884 0.135874884 0.135874884
S103 0.108594132 0.108594132 0.108594132 0.108594132 0.108594132 0.108594132 0.108594132 0.108594132 0.108594132 0.108594132 0.108594132 0.108594132 0.108594132 0.108594132 0.108594132 0.108594132 0.108594132 0.108594132 0.108594132 0.108594132 0.108594132 0.108594132 0.108594132 0.108594132 0.108594132 0.108594132 0.108594132 0.108594132 0.108594132 0.108594132 0.108594132 0.108594132 0.108594132 0.108594132 0.108594132 0.108594132 0.108594132 0.108594132 0.108594132 0.108594132 0.108594132 0.108594132 0.108594132 0.108594132 0.108594132 0.108594132 0.108594132 0.108594132 0.108594132 0.108594132 0.108594132 0.108594132 0.108594132 0.108594132 0.108594132 0.108594132
S104 0.135637548 0.135637548 0.135637548 0.135637548 0.135637548 0.135637548 0.135637548 0.135637548 0.135637548 0.135637548 0.135637548 0.135637548 0.135637548 0.135637548 0.135637548 0.135637548 0.135637548 0.135637548 0.135637548 0.135637548 0.135637548 0.135637548 0.135637548 0.135637548 0.135637548 0.135637548 0.135637548 0.135637548 0.135637548 0.135637548 0.135637548 0.135637548 0.135637548 0.135637548 0.135637548 0.135637548 0.135637548 0.135637548 0.135637548 0.135637548 0.135637548 0.135637548 0.135637548 0.135637548 0.135637548 0.135637548 0.135637548 0.135637548 0.135637548 0.135637548 0.135637548 0.135637548 0.135637548 0.135637548 0.135637548 0.135637548
S105 0.110977692 0.110977692 0.110977692 0.110977692 0.110977692 0.110977692 0.110977692 0.110977692 0.110977692 0.110977692 0.110977692 0.110977692 0.110977692 0.110977692 0.110977692 0.110977692 0.110977692 0.110977692 0.110977692 0.110977692 0.110977692 0.110977692 0.110977692 0.110977692 0.110977692 0.110977692 0.110977692 0.110977692 0.110977692 0.110977692 0.110977692 0.110977692 0.110977692 0.110977692 0.110977692 0.110977692 0.110977692 0.110977692 0.110977692 0.110977692 0.110977692 0.110977692 0.110977692 0.110977692 0.110977692 0.110977692 0.110977692 0.110977692 0.110977692 0.110977692 0.110977692 0.110977692 0.110977692 0.110977692 0.110977692 0.110977692
S106 0.139665996 0.139665996 0.139665996 0.139665996 0.139665996 0.139665996 0.139665996 0.139665996 0.139665996 0.139665996 0.139665996 0.139665996 0.139665996 0.139665996 0.139665996 0.139665996 0.139665996 0.139665996 0.139665996 0.139665996 0.139665996 0.139665996 0.139665996 0.139665996 0.139665996 0.139665996 0.139665996 0.139665996 0.139665996 0.139665996 0.139665996 0.139665996 0.139665996 0.139665996 0.139665996 0.139665996 0.139665996 0.139665996 0.139665996 0.139665996 0.139665996 0.139665996 0.139665996 0.139665996 0.139665996 0.139665996 0.139665996 0.139665996 0.139665996 0.139665996 0.139665996 0.139665996 0.139665996 0.139665996 0.139665996 0.139665996
S107 0.114990948 0.114990948 0.114990948 0.114990948 0.114990948 0.114990948 0.114990948 0.114990948 0.114990948 0.114990948 0.114990948 0.114990948 0.114990948 0.114990948 0.114990948 0.114990948 0.114990948 0.114990948 0.114990948 0.114990948 0.114990948 0.114990948 0.114990948 0.114990948 0.114990948 0.114990948 0.114990948 0.114990948 0.114990948 0.114990948 0.114990948 0.114990948 0.114990948 0.114990948 0.114990948 0.114990948 0.114990948 0.114990948 0.114990948 0.114990948 0.114990948 0.114990948 0.114990948 0.114990948 0.114990948 0.114990948 0.114990948 0.114990948 0.114990948 0.114990948 0.114990948 0.114990948 0.114990948 0.114990948 0.114990948 0.114990948
S108 0.144019476 0.144019476 0.144019476 0.144019476 0.144019476 0.144019476 0.144019476 0.144019476 0.144019476 0.144019476 0.144019476 0.144019476 0.144019476 0.144019476 0.144019476 0.144019476 0.144019476 0.144019476 0.144019476 0.144019476 0.144019476 0.144019476 0.144019476 0.144019476 0.144019476 0.144019476 0.144019476 0.144019476 0.144019476 0.144019476 0.144019476 0.144019476 0.144019476 0.144019476 0.144019476 0.144019476 0.144019476 0.144019476 0.144019476 0.144019476 0.144019476 0.144019476 0.144019476 0.144019476 0.144019476 0.144019476 0.144019476 0.144019476 0.144019476 0.144019476 0.144019476 0.144019476 0.144019476 0.144019476 0.144019476 0.144019476
[RE2,ELC003_B,*,*]:
2015 2016 2017 2018 2019 2020 2021 2022 2023 2024 2025 2026 2027 2028 2029 2030 2031 2032 2033 2034 2035 2036 2037 2038 2039 2040 2041 2042 2043 2044 2045 2046 2047 2048 2049 2050 2051 2052 2053 2054 2055 2056 2057 2058 2059 2060 2061 2062 2063 2064 2065 2066 2067 2068 2069 2070:=
S101 0.110239332 0.110239332 0.110239332 0.110239332 0.110239332 0.110239332 0.110239332 0.110239332 0.110239332 0.110239332 0.110239332 0.110239332 0.110239332 0.110239332 0.110239332 0.110239332 0.110239332 0.110239332 0.110239332 0.110239332 0.110239332 0.110239332 0.110239332 0.110239332 0.110239332 0.110239332 0.110239332 0.110239332 0.110239332 0.110239332 0.110239332 0.110239332 0.110239332 0.110239332 0.110239332 0.110239332 0.110239332 0.110239332 0.110239332 0.110239332 0.110239332 0.110239332 0.110239332 0.110239332 0.110239332 0.110239332 0.110239332 0.110239332 0.110239332 0.110239332 0.110239332 0.110239332 0.110239332 0.110239332 0.110239332 0.110239332
S102 0.135874884 0.135874884 0.135874884 0.135874884 0.135874884 0.135874884 0.135874884 0.135874884 0.135874884 0.135874884 0.135874884 0.135874884 0.135874884 0.135874884 0.135874884 0.135874884 0.135874884 0.135874884 0.135874884 0.135874884 0.135874884 0.135874884 0.135874884 0.135874884 0.135874884 0.135874884 0.135874884 0.135874884 0.135874884 0.135874884 0.135874884 0.135874884 0.135874884 0.135874884 0.135874884 0.135874884 0.135874884 0.135874884 0.135874884 0.135874884 0.135874884 0.135874884 0.135874884 0.135874884 0.135874884 0.135874884 0.135874884 0.135874884 0.135874884 0.135874884 0.135874884 0.135874884 0.135874884 0.135874884 0.135874884 0.135874884
S103 0.108594132 0.108594132 0.108594132 0.108594132 0.108594132 0.108594132 0.108594132 0.108594132 0.108594132 0.108594132 0.108594132 0.108594132 0.108594132 0.108594132 0.108594132 0.108594132 0.108594132 0.108594132 0.108594132 0.108594132 0.108594132 0.108594132 0.108594132 0.108594132 0.108594132 0.108594132 0.108594132 0.108594132 0.108594132 0.108594132 0.108594132 0.108594132 0.108594132 0.108594132 0.108594132 0.108594132 0.108594132 0.108594132 0.108594132 0.108594132 0.108594132 0.108594132 0.108594132 0.108594132 0.108594132 0.108594132 0.108594132 0.108594132 0.108594132 0.108594132 0.108594132 0.108594132 0.108594132 0.108594132 0.108594132 0.108594132
S104 0.135637548 0.135637548 0.135637548 0.135637548 0.135637548 0.135637548 0.135637548 0.135637548 0.135637548 0.135637548 0.135637548 0.135637548 0.135637548 0.135637548 0.135637548 0.135637548 0.135637548 0.135637548 0.135637548 0.135637548 0.135637548 0.135637548 0.135637548 0.135637548 0.135637548 0.135637548 0.135637548 0.135637548 0.135637548 0.135637548 0.135637548 0.135637548 0.135637548 0.135637548 0.135637548 0.135637548 0.135637548 0.135637548 0.135637548 0.135637548 0.135637548 0.135637548 0.135637548 0.135637548 0.135637548 0.135637548 0.135637548 0.135637548 0.135637548 0.135637548 0.135637548 0.135637548 0.135637548 0.135637548 0.135637548 0.135637548
S105 0.110977692 0.110977692 0.110977692 0.110977692 0.110977692 0.110977692 0.110977692 0.110977692 0.110977692 0.110977692 0.110977692 0.110977692 0.110977692 0.110977692 0.110977692 0.110977692 0.110977692 0.110977692 0.110977692 0.110977692 0.110977692 0.110977692 0.110977692 0.110977692 0.110977692 0.110977692 0.110977692 0.110977692 0.110977692 0.110977692 0.110977692 0.110977692 0.110977692 0.110977692 0.110977692 0.110977692 0.110977692 0.110977692 0.110977692 0.110977692 0.110977692 0.110977692 0.110977692 0.110977692 0.110977692 0.110977692 0.110977692 0.110977692 0.110977692 0.110977692 0.110977692 0.110977692 0.110977692 0.110977692 0.110977692 0.110977692
S106 0.139665996 0.139665996 0.139665996 0.139665996 0.139665996 0.139665996 0.139665996 0.139665996 0.139665996 0.139665996 0.139665996 0.139665996 0.139665996 0.139665996 0.139665996 0.139665996 0.139665996 0.139665996 0.139665996 0.139665996 0.139665996 0.139665996 0.139665996 0.139665996 0.139665996 0.139665996 0.139665996 0.139665996 0.139665996 0.139665996 0.139665996 0.139665996 0.139665996 0.139665996 0.139665996 0.139665996 0.139665996 0.139665996 0.139665996 0.139665996 0.139665996 0.139665996 0.139665996 0.139665996 0.139665996 0.139665996 0.139665996 0.139665996 0.139665996 0.139665996 0.139665996 0.139665996 0.139665996 0.139665996 0.139665996 0.139665996
S107 0.114990948 0.114990948 0.114990948 0.114990948 0.114990948 0.114990948 0.114990948 0.114990948 0.114990948 0.114990948 0.114990948 0.114990948 0.114990948 0.114990948 0.114990948 0.114990948 0.114990948 0.114990948 0.114990948 0.114990948 0.114990948 0.114990948 0.114990948 0.114990948 0.114990948 0.114990948 0.114990948 0.114990948 0.114990948 0.114990948 0.114990948 0.114990948 0.114990948 0.114990948 0.114990948 0.114990948 0.114990948 0.114990948 0.114990948 0.114990948 0.114990948 0.114990948 0.114990948 0.114990948 0.114990948 0.114990948 0.114990948 0.114990948 0.114990948 0.114990948 0.114990948 0.114990948 0.114990948 0.114990948 0.114990948 0.114990948
S108 0.144019476 0.144019476 0.144019476 0.144019476 0.144019476 0.144019476 0.144019476 0.144019476 0.144019476 0.144019476 0.144019476 0.144019476 0.144019476 0.144019476 0.144019476 0.144019476 0.144019476 0.144019476 0.144019476 0.144019476 0.144019476 0.144019476 0.144019476 0.144019476 0.144019476 0.144019476 0.144019476 0.144019476 0.144019476 0.144019476 0.144019476 0.144019476 0.144019476 0.144019476 0.144019476 0.144019476 0.144019476 0.144019476 0.144019476 0.144019476 0.144019476 0.144019476 0.144019476 0.144019476 0.144019476 0.144019476 0.144019476 0.144019476 0.144019476 0.144019476 0.144019476 0.144019476 0.144019476 0.144019476 0.144019476 0.144019476
;

