param CapacityFactor default 1 :=
[RE1,PWRCOA_A,*,*]:
2015 2016 2017 2018 2019 2020 2021 2022 2023 2024 2025 2026 2027 2028 2029 2030 2031 2032 2033 2034 2035 2036 2037 2038 2039 2040 2041 2042 2043 2044 2045 2046 2047 2048 2049 2050 2051 2052 2053 2054 2055 2056 2057 2058 2059 2060 2061 2062 2063 2064 2065 2066 2067 2068 2069 2070:=
S101 0.85 0.85 0.85 0.85 0.85 0.85 0.85 0.85 0.85 0.85 0.85 0.85 0.85 0.85 0.85 0.85 0.85 0.85 0.85 0.85 0.85 0.85 0.85 0.85 0.85 0.85 0.85 0.85 0.85 0.85 0.85 0.85 0.85 0.85 0.85 0.85 0.85 0.85 0.85 0.85 0.85 0.85 0.85 0.85 0.85 0.85 0.85 0.85 0.85 0.85 0.85 0.85 0.85 0.85 0.85 0.85
S102 0.85 0.85 0.85 0.85 0.85 0.85 0.85 0.85 0.85 0.85 0.85 0.85 0.85 0.85 0.85 0.85 0.85 0.85 0.85 0.85 0.85 0.85 0.85 0.85 0.85 0.85 0.85 0.85 0.85 0.85 0.85 0.85 0.85 0.85 0.85 0.85 0.85 0.85 0.85 0.85 0.85 0.85 0.85 0.85 0.85 0.85 0.85 0.85 0.85 0.85 0.85 0.85 0.85 0.85 0.85 0.85
S103 0.85 0.85 0.85 0.85 0.85 0.85 0.85 0.85 0.85 0.85 0.85 0.85 0.85 0.85 0.85 0.85 0.85 0.85 0.85 0.85 0.85 0.85 0.85 0.85 0.85 0.85 0.85 0.85 0.85 0.85 0.85 0.85 0.85 0.85 0.85 0.85 0.85 0.85 0.85 0.85 0.85 0.85 0.85 0.85 0.85 0.85 0.85 0.85 0.85 0.85 0.85 0.85 0.85 0.85 0.85 0.85
S104 0.85 0.85 0.85 0.85 0.85 0.85 0.85 0.85 0.85 0.85 0.85 0.85 0.85 0.85 0.85 0.85 0.85 0.85 0.85 0.85 0.85 0.85 0.85 0.85 0.85 0.85 0.85 0.85 0.85 0.85 0.85 0.85 0.85 0.85 0.85 0.85 0.85 0.85 0.85 0.85 0.85 0.85 0.85 0.85 0.85 0.85 0.85 0.85 0.85 0.85 0.85 0.85 0.85 0.85 0.85 0.85
S105 0.85 0.85 0.85 0.85 0.85 0.85 0.85 0.85 0.85 0.85 0.85 0.85 0.85 0.85 0.85 0.85 0.85 0.85 0.85 0.85 0.85 0.85 0.85 0.85 0.85 0.85 0.85 0.85 0.85 0.85 0.85 0.85 0.85 0.85 0.85 0.85 0.85 0.85 0.85 0.85 0.85 0.85 0.85 0.85 0.85 0.85 0.85 0.85 0.85 0.85 0.85 0.85 0.85 0.85 0.85 0.85
S106 0.85 0.85 0.85 0.85 0.85 0.85 0.85 0.85 0.85 0.85 0.85 0.85 0.85 0.85 0.85 0.85 0.85 0.85 0.85 0.85 0.85 0.85 0.85 0.85 0.85 0.85 0.85 0.85 0.85 0.85 0.85 0.85 0.85 0.85 0.85 0.85 0.85 0.85 0.85 0.85 0.85 0.85 0.85 0.85 0.85 0.85 0.85 0.85 0.85 0.85 0.85 0.85 0.85 0.85 0.85 0.85
S107 0.85 0.85 0.85 0.85 0.85 0.85 0.85 0.85 0.85 0.85 0.85 0.85 0.85 0.85 0.85 0.85 0.85 0.85 0.85 0.85 0.85 0.85 0.85 0.85 0.85 0.85 0.85 0.85 0.85 0.85 0.85 0.85 0.85 0.85 0.85 0.85 0.85 0.85 0.85 0.85 0.85 0.85 0.85 0.85 0.85 0.85 0.85 0.85 0.85 0.85 0.85 0.85 0.85 0.85 0.85 0.85
S108 0.85 0.85 0.85 0.85 0.85 0.85 0.85 0.85 0.85 0.85 0.85 0.85 0.85 0.85 0.85 0.85 0.85 0.85 0.85 0.85 0.85 0.85 0.85 0.85 0.85 0.85 0.85 0.85 0.85 0.85 0.85 0.85 0.85 0.85 0.85 0.85 0.85 0.85 0.85 0.85 0.85 0.85 0.85 0.85 0.85 0.85 0.85 0.85 0.85 0.85 0.85 0.85 0.85 0.85 0.85 0.85
[RE1,PWROHC_A,*,*]:
2015 2016 2017 2018 2019 2020 2021 2022 2023 2024 2025 2026 2027 2028 2029 2030 2031 2032 2033 2034 2035 2036 2037 2038 2039 2040 2041 2042 2043 2044 2045 2046 2047 2048 2049 2050 2051 2052 2053 2054 2055 2056 2057 2058 2059 2060 2061 2062 2063 2064 2065 2066 2067 2068 2069 2070:=
S101 0.8 0.8 0.8 0.8 0.8 0.8 0.8 0.8 0.8 0.8 0.8 0.8 0.8 0.8 0.8 0.8 0.8 0.8 0.8 0.8 0.8 0.8 0.8 0.8 0.8 0.8 0.8 0.8 0.8 0.8 0.8 0.8 0.8 0.8 0.8 0.8 0.8 0.8 0.8 0.8 0.8 0.8 0.8 0.8 0.8 0.8 0.8 0.8 0.8 0.8 0.8 0.8 0.8 0.8 0.8 0.8
S102 0.8 0.8 0.8 0.8 0.8 0.8 0.8 0.8 0.8 0.8 0.8 0.8 0.8 0.8 0.8 0.8 0.8 0.8 0.8 0.8 0.8 0.8 0.8 0.8 0.8 0.8 0.8 0.8 0.8 0.8 0.8 0.8 0.8 0.8 0.8 0.8 0.8 0.8 0.8 0.8 0.8 0.8 0.8 0.8 0.8 0.8 0.8 0.8 0.8 0.8 0.8 0.8 0.8 0.8 0.8 0.8
S103 0.8 0.8 0.8 0.8 0.8 0.8 0.8 0.8 0.8 0.8 0.8 0.8 0.8 0.8 0.8 0.8 0.8 0.8 0.8 0.8 0.8 0.8 0.8 0.8 0.8 0.8 0.8 0.8 0.8 0.8 0.8 0.8 0.8 0.8 0.8 0.8 0.8 0.8 0.8 0.8 0.8 0.8 0.8 0.8 0.8 0.8 0.8 0.8 0.8 0.8 0.8 0.8 0.8 0.8 0.8 0.8
S104 0.8 0.8 0.8 0.8 0.8 0.8 0.8 0.8 0.8 0.8 0.8 0.8 0.8 0.8 0.8 0.8 0.8 0.8 0.8 0.8 0.8 0.8 0.8 0.8 0.8 0.8 0.8 0.8 0.8 0.8 0.8 0.8 0.8 0.8 0.8 0.8 0.8 0.8 0.8 0.8 0.8 0.8 0.8 0.8 0.8 0.8 0.8 0.8 0.8 0.8 0.8 0.8 0.8 0.8 0.8 0.8
S105 0.8 0.8 0.8 0.8 0.8 0.8 0.8 0.8 0.8 0.8 0.8 0.8 0.8 0.8 0.8 0.8 0.8 0.8 0.8 0.8 0.8 0.8 0.8 0.8 0.8 0.8 0.8 0.8 0.8 0.8 0.8 0.8 0.8 0.8 0.8 0.8 0.8 0.8 0.8 0.8 0.8 0.8 0.8 0.8 0.8 0.8 0.8 0.8 0.8 0.8 0.8 0.8 0.8 0.8 0.8 0.8
S106 0.8 0.8 0.8 0.8 0.8 0.8 0.8 0.8 0.8 0.8 0.8 0.8 0.8 0.8 0.8 0.8 0.8 0.8 0.8 0.8 0.8 0.8 0.8 0.8 0.8 0.8 0.8 0.8 0.8 0.8 0.8 0.8 0.8 0.8 0.8 0.8 0.8 0.8 0.8 0.8 0.8 0.8 0.8 0.8 0.8 0.8 0.8 0.8 0.8 0.8 0.8 0.8 0.8 0.8 0.8 0.8
S107 0.8 0.8 0.8 0.8 0.8 0.8 0.8 0.8 0.8 0.8 0.8 0.8 0.8 0.8 0.8 0.8 0.8 0.8 0.8 0.8 0.8 0.8 0.8 0.8 0.8 0.8 0.8 0.8 0.8 0.8 0.8 0.8 0.8 0.8 0.8 0.8 0.8 0.8 0.8 0.8 0.8 0.8 0.8 0.8 0.8 0.8 0.8 0.8 0.8 0.8 0.8 0.8 0.8 0.8 0.8 0.8
S108 0.8 0.8 0.8 0.8 0.8 0.8 0.8 0.8 0.8 0.8 0.8 0.8 0.8 0.8 0.8 0.8 0.8 0.8 0.8 0.8 0.8 0.8 0.8 0.8 0.8 0.8 0.8 0.8 0.8 0.8 0.8 0.8 0.8 0.8 0.8 0.8 0.8 0.8 0.8 0.8 0.8 0.8 0.8 0.8 0.8 0.8 0.8 0.8 0.8 0.8 0.8 0.8 0.8 0.8 0.8 0.8
[RE1,PWRNGS001_A,*,*]:
2015 2016 2017 2018 2019 2020 2021 2022 2023 2024 2025 2026 2027 2028 2029 2030 2031 2032 2033 2034 2035 2036 2037 2038 2039 2040 2041 2042 2043 2044 2045 2046 2047 2048 2049 2050 2051 2052 2053 2054 2055 2056 2057 2058 2059 2060 2061 2062 2063 2064 2065 2066 2067 2068 2069 2070:=
S101 0.85 0.85 0.85 0.85 0.85 0.85 0.85 0.85 0.85 0.85 0.85 0.85 0.85 0.85 0.85 0.85 0.85 0.85 0.85 0.85 0.85 0.85 0.85 0.85 0.85 0.85 0.85 0.85 0.85 0.85 0.85 0.85 0.85 0.85 0.85 0.85 0.85 0.85 0.85 0.85 0.85 0.85 0.85 0.85 0.85 0.85 0.85 0.85 0.85 0.85 0.85 0.85 0.85 0.85 0.85 0.85
S102 0.85 0.85 0.85 0.85 0.85 0.85 0.85 0.85 0.85 0.85 0.85 0.85 0.85 0.85 0.85 0.85 0.85 0.85 0.85 0.85 0.85 0.85 0.85 0.85 0.85 0.85 0.85 0.85 0.85 0.85 0.85 0.85 0.85 0.85 0.85 0.85 0.85 0.85 0.85 0.85 0.85 0.85 0.85 0.85 0.85 0.85 0.85 0.85 0.85 0.85 0.85 0.85 0.85 0.85 0.85 0.85
S103 0.85 0.85 0.85 0.85 0.85 0.85 0.85 0.85 0.85 0.85 0.85 0.85 0.85 0.85 0.85 0.85 0.85 0.85 0.85 0.85 0.85 0.85 0.85 0.85 0.85 0.85 0.85 0.85 0.85 0.85 0.85 0.85 0.85 0.85 0.85 0.85 0.85 0.85 0.85 0.85 0.85 0.85 0.85 0.85 0.85 0.85 0.85 0.85 0.85 0.85 0.85 0.85 0.85 0.85 0.85 0.85
S104 0.85 0.85 0.85 0.85 0.85 0.85 0.85 0.85 0.85 0.85 0.85 0.85 0.85 0.85 0.85 0.85 0.85 0.85 0.85 0.85 0.85 0.85 0.85 0.85 0.85 0.85 0.85 0.85 0.85 0.85 0.85 0.85 0.85 0.85 0.85 0.85 0.85 0.85 0.85 0.85 0.85 0.85 0.85 0.85 0.85 0.85 0.85 0.85 0.85 0.85 0.85 0.85 0.85 0.85 0.85 0.85
S105 0.85 0.85 0.85 0.85 0.85 0.85 0.85 0.85 0.85 0.85 0.85 0.85 0.85 0.85 0.85 0.85 0.85 0.85 0.85 0.85 0.85 0.85 0.85 0.85 0.85 0.85 0.85 0.85 0.85 0.85 0.85 0.85 0.85 0.85 0.85 0.85 0.85 0.85 0.85 0.85 0.85 0.85 0.85 0.85 0.85 0.85 0.85 0.85 0.85 0.85 0.85 0.85 0.85 0.85 0.85 0.85
S106 0.85 0.85 0.85 0.85 0.85 0.85 0.85 0.85 0.85 0.85 0.85 0.85 0.85 0.85 0.85 0.85 0.85 0.85 0.85 0.85 0.85 0.85 0.85 0.85 0.85 0.85 0.85 0.85 0.85 0.85 0.85 0.85 0.85 0.85 0.85 0.85 0.85 0.85 0.85 0.85 0.85 0.85 0.85 0.85 0.85 0.85 0.85 0.85 0.85 0.85 0.85 0.85 0.85 0.85 0.85 0.85
S107 0.85 0.85 0.85 0.85 0.85 0.85 0.85 0.85 0.85 0.85 0.85 0.85 0.85 0.85 0.85 0.85 0.85 0.85 0.85 0.85 0.85 0.85 0.85 0.85 0.85 0.85 0.85 0.85 0.85 0.85 0.85 0.85 0.85 0.85 0.85 0.85 0.85 0.85 0.85 0.85 0.85 0.85 0.85 0.85 0.85 0.85 0.85 0.85 0.85 0.85 0.85 0.85 0.85 0.85 0.85 0.85
S108 0.85 0.85 0.85 0.85 0.85 0.85 0.85 0.85 0.85 0.85 0.85 0.85 0.85 0.85 0.85 0.85 0.85 0.85 0.85 0.85 0.85 0.85 0.85 0.85 0.85 0.85 0.85 0.85 0.85 0.85 0.85 0.85 0.85 0.85 0.85 0.85 0.85 0.85 0.85 0.85 0.85 0.85 0.85 0.85 0.85 0.85 0.85 0.85 0.85 0.85 0.85 0.85 0.85 0.85 0.85 0.85
[RE1,PWRNGS002_A,*,*]:
2015 2016 2017 2018 2019 2020 2021 2022 2023 2024 2025 2026 2027 2028 2029 2030 2031 2032 2033 2034 2035 2036 2037 2038 2039 2040 2041 2042 2043 2044 2045 2046 2047 2048 2049 2050 2051 2052 2053 2054 2055 2056 2057 2058 2059 2060 2061 2062 2063 2064 2065 2066 2067 2068 2069 2070:=
S101 0.85 0.85 0.85 0.85 0.85 0.85 0.85 0.85 0.85 0.85 0.85 0.85 0.85 0.85 0.85 0.85 0.85 0.85 0.85 0.85 0.85 0.85 0.85 0.85 0.85 0.85 0.85 0.85 0.85 0.85 0.85 0.85 0.85 0.85 0.85 0.85 0.85 0.85 0.85 0.85 0.85 0.85 0.85 0.85 0.85 0.85 0.85 0.85 0.85 0.85 0.85 0.85 0.85 0.85 0.85 0.85
S102 0.85 0.85 0.85 0.85 0.85 0.85 0.85 0.85 0.85 0.85 0.85 0.85 0.85 0.85 0.85 0.85 0.85 0.85 0.85 0.85 0.85 0.85 0.85 0.85 0.85 0.85 0.85 0.85 0.85 0.85 0.85 0.85 0.85 0.85 0.85 0.85 0.85 0.85 0.85 0.85 0.85 0.85 0.85 0.85 0.85 0.85 0.85 0.85 0.85 0.85 0.85 0.85 0.85 0.85 0.85 0.85
S103 0.85 0.85 0.85 0.85 0.85 0.85 0.85 0.85 0.85 0.85 0.85 0.85 0.85 0.85 0.85 0.85 0.85 0.85 0.85 0.85 0.85 0.85 0.85 0.85 0.85 0.85 0.85 0.85 0.85 0.85 0.85 0.85 0.85 0.85 0.85 0.85 0.85 0.85 0.85 0.85 0.85 0.85 0.85 0.85 0.85 0.85 0.85 0.85 0.85 0.85 0.85 0.85 0.85 0.85 0.85 0.85
S104 0.85 0.85 0.85 0.85 0.85 0.85 0.85 0.85 0.85 0.85 0.85 0.85 0.85 0.85 0.85 0.85 0.85 0.85 0.85 0.85 0.85 0.85 0.85 0.85 0.85 0.85 0.85 0.85 0.85 0.85 0.85 0.85 0.85 0.85 0.85 0.85 0.85 0.85 0.85 0.85 0.85 0.85 0.85 0.85 0.85 0.85 0.85 0.85 0.85 0.85 0.85 0.85 0.85 0.85 0.85 0.85
S105 0.85 0.85 0.85 0.85 0.85 0.85 0.85 0.85 0.85 0.85 0.85 0.85 0.85 0.85 0.85 0.85 0.85 0.85 0.85 0.85 0.85 0.85 0.85 0.85 0.85 0.85 0.85 0.85 0.85 0.85 0.85 0.85 0.85 0.85 0.85 0.85 0.85 0.85 0.85 0.85 0.85 0.85 0.85 0.85 0.85 0.85 0.85 0.85 0.85 0.85 0.85 0.85 0.85 0.85 0.85 0.85
S106 0.85 0.85 0.85 0.85 0.85 0.85 0.85 0.85 0.85 0.85 0.85 0.85 0.85 0.85 0.85 0.85 0.85 0.85 0.85 0.85 0.85 0.85 0.85 0.85 0.85 0.85 0.85 0.85 0.85 0.85 0.85 0.85 0.85 0.85 0.85 0.85 0.85 0.85 0.85 0.85 0.85 0.85 0.85 0.85 0.85 0.85 0.85 0.85 0.85 0.85 0.85 0.85 0.85 0.85 0.85 0.85
S107 0.85 0.85 0.85 0.85 0.85 0.85 0.85 0.85 0.85 0.85 0.85 0.85 0.85 0.85 0.85 0.85 0.85 0.85 0.85 0.85 0.85 0.85 0.85 0.85 0.85 0.85 0.85 0.85 0.85 0.85 0.85 0.85 0.85 0.85 0.85 0.85 0.85 0.85 0.85 0.85 0.85 0.85 0.85 0.85 0.85 0.85 0.85 0.85 0.85 0.85 0.85 0.85 0.85 0.85 0.85 0.85
S108 0.85 0.85 0.85 0.85 0.85 0.85 0.85 0.85 0.85 0.85 0.85 0.85 0.85 0.85 0.85 0.85 0.85 0.85 0.85 0.85 0.85 0.85 0.85 0.85 0.85 0.85 0.85 0.85 0.85 0.85 0.85 0.85 0.85 0.85 0.85 0.85 0.85 0.85 0.85 0.85 0.85 0.85 0.85 0.85 0.85 0.85 0.85 0.85 0.85 0.85 0.85 0.85 0.85 0.85 0.85 0.85
[RE1,PWRBIO_A,*,*]:
2015 2016 2017 2018 2019 2020 2021 2022 2023 2024 2025 2026 2027 2028 2029 2030 2031 2032 2033 2034 2035 2036 2037 2038 2039 2040 2041 2042 2043 2044 2045 2046 2047 2048 2049 2050 2051 2052 2053 2054 2055 2056 2057 2058 2059 2060 2061 2062 2063 2064 2065 2066 2067 2068 2069 2070:=
S101 0.5 0.5 0.5 0.5 0.5 0.5 0.5 0.5 0.5 0.5 0.5 0.5 0.5 0.5 0.5 0.5 0.5 0.5 0.5 0.5 0.5 0.5 0.5 0.5 0.5 0.5 0.5 0.5 0.5 0.5 0.5 0.5 0.5 0.5 0.5 0.5 0.5 0.5 0.5 0.5 0.5 0.5 0.5 0.5 0.5 0.5 0.5 0.5 0.5 0.5 0.5 0.5 0.5 0.5 0.5 0.5
S102 0.5 0.5 0.5 0.5 0.5 0.5 0.5 0.5 0.5 0.5 0.5 0.5 0.5 0.5 0.5 0.5 0.5 0.5 0.5 0.5 0.5 0.5 0.5 0.5 0.5 0.5 0.5 0.5 0.5 0.5 0.5 0.5 0.5 0.5 0.5 0.5 0.5 0.5 0.5 0.5 0.5 0.5 0.5 0.5 0.5 0.5 0.5 0.5 0.5 0.5 0.5 0.5 0.5 0.5 0.5 0.5
S103 0.5 0.5 0.5 0.5 0.5 0.5 0.5 0.5 0.5 0.5 0.5 0.5 0.5 0.5 0.5 0.5 0.5 0.5 0.5 0.5 0.5 0.5 0.5 0.5 0.5 0.5 0.5 0.5 0.5 0.5 0.5 0.5 0.5 0.5 0.5 0.5 0.5 0.5 0.5 0.5 0.5 0.5 0.5 0.5 0.5 0.5 0.5 0.5 0.5 0.5 0.5 0.5 0.5 0.5 0.5 0.5
S104 0.5 0.5 0.5 0.5 0.5 0.5 0.5 0.5 0.5 0.5 0.5 0.5 0.5 0.5 0.5 0.5 0.5 0.5 0.5 0.5 0.5 0.5 0.5 0.5 0.5 0.5 0.5 0.5 0.5 0.5 0.5 0.5 0.5 0.5 0.5 0.5 0.5 0.5 0.5 0.5 0.5 0.5 0.5 0.5 0.5 0.5 0.5 0.5 0.5 0.5 0.5 0.5 0.5 0.5 0.5 0.5
S105 0.5 0.5 0.5 0.5 0.5 0.5 0.5 0.5 0.5 0.5 0.5 0.5 0.5 0.5 0.5 0.5 0.5 0.5 0.5 0.5 0.5 0.5 0.5 0.5 0.5 0.5 0.5 0.5 0.5 0.5 0.5 0.5 0.5 0.5 0.5 0.5 0.5 0.5 0.5 0.5 0.5 0.5 0.5 0.5 0.5 0.5 0.5 0.5 0.5 0.5 0.5 0.5 0.5 0.5 0.5 0.5
S106 0.5 0.5 0.5 0.5 0.5 0.5 0.5 0.5 0.5 0.5 0.5 0.5 0.5 0.5 0.5 0.5 0.5 0.5 0.5 0.5 0.5 0.5 0.5 0.5 0.5 0.5 0.5 0.5 0.5 0.5 0.5 0.5 0.5 0.5 0.5 0.5 0.5 0.5 0.5 0.5 0.5 0.5 0.5 0.5 0.5 0.5 0.5 0.5 0.5 0.5 0.5 0.5 0.5 0.5 0.5 0.5
S107 0.5 0.5 0.5 0.5 0.5 0.5 0.5 0.5 0.5 0.5 0.5 0.5 0.5 0.5 0.5 0.5 0.5 0.5 0.5 0.5 0.5 0.5 0.5 0.5 0.5 0.5 0.5 0.5 0.5 0.5 0.5 0.5 0.5 0.5 0.5 0.5 0.5 0.5 0.5 0.5 0.5 0.5 0.5 0.5 0.5 0.5 0.5 0.5 0.5 0.5 0.5 0.5 0.5 0.5 0.5 0.5
S108 0.5 0.5 0.5 0.5 0.5 0.5 0.5 0.5 0.5 0.5 0.5 0.5 0.5 0.5 0.5 0.5 0.5 0.5 0.5 0.5 0.5 0.5 0.5 0.5 0.5 0.5 0.5 0.5 0.5 0.5 0.5 0.5 0.5 0.5 0.5 0.5 0.5 0.5 0.5 0.5 0.5 0.5 0.5 0.5 0.5 0.5 0.5 0.5 0.5 0.5 0.5 0.5 0.5 0.5 0.5 0.5
[RE1,PWRHYD_A,*,*]:
2015 2016 2017 2018 2019 2020 2021 2022 2023 2024 2025 2026 2027 2028 2029 2030 2031 2032 2033 2034 2035 2036 2037 2038 2039 2040 2041 2042 2043 2044 2045 2046 2047 2048 2049 2050 2051 2052 2053 2054 2055 2056 2057 2058 2059 2060 2061 2062 2063 2064 2065 2066 2067 2068 2069 2070:=
S101 0.396238763 0.396238763 0.396238763 0.396238763 0.396238763 0.396238763 0.396238763 0.396238763 0.396238763 0.396238763 0.396238763 0.396238763 0.396238763 0.396238763 0.396238763 0.396238763 0.396238763 0.396238763 0.396238763 0.396238763 0.396238763 0.396238763 0.396238763 0.396238763 0.396238763 0.396238763 0.396238763 0.396238763 0.396238763 0.396238763 0.396238763 0.396238763 0.396238763 0.396238763 0.396238763 0.396238763 0.396238763 0.396238763 0.396238763 0.396238763 0.396238763 0.396238763 0.396238763 0.396238763 0.396238763 0.396238763 0.396238763 0.396238763 0.396238763 0.396238763 0.396238763 0.396238763 0.396238763 0.396238763 0.396238763 0.396238763
S102 0.396238763 0.396238763 0.396238763 0.396238763 0.396238763 0.396238763 0.396238763 0.396238763 0.396238763 0.396238763 0.396238763 0.396238763 0.396238763 0.396238763 0.396238763 0.396238763 0.396238763 0.396238763 0.396238763 0.396238763 0.396238763 0.396238763 0.396238763 0.396238763 0.396238763 0.396238763 0.396238763 0.396238763 0.396238763 0.396238763 0.396238763 0.396238763 0.396238763 0.396238763 0.396238763 0.396238763 0.396238763 0.396238763 0.396238763 0.396238763 0.396238763 0.396238763 0.396238763 0.396238763 0.396238763 0.396238763 0.396238763 0.396238763 0.396238763 0.396238763 0.396238763 0.396238763 0.396238763 0.396238763 0.396238763 0.396238763
S103 0.672067048 0.672067048 0.672067048 0.672067048 0.672067048 0.672067048 0.672067048 0.672067048 0.672067048 0.672067048 0.672067048 0.672067048 0.672067048 0.672067048 0.672067048 0.672067048 0.672067048 0.672067048 0.672067048 0.672067048 0.672067048 0.672067048 0.672067048 0.672067048 0.672067048 0.672067048 0.672067048 0.672067048 0.672067048 0.672067048 0.672067048 0.672067048 0.672067048 0.672067048 0.672067048 0.672067048 0.672067048 0.672067048 0.672067048 0.672067048 0.672067048 0.672067048 0.672067048 0.672067048 0.672067048 0.672067048 0.672067048 0.672067048 0.672067048 0.672067048 0.672067048 0.672067048 0.672067048 0.672067048 0.672067048 0.672067048
S104 0.672067048 0.672067048 0.672067048 0.672067048 0.672067048 0.672067048 0.672067048 0.672067048 0.672067048 0.672067048 0.672067048 0.672067048 0.672067048 0.672067048 0.672067048 0.672067048 0.672067048 0.672067048 0.672067048 0.672067048 0.672067048 0.672067048 0.672067048 0.672067048 0.672067048 0.672067048 0.672067048 0.672067048 0.672067048 0.672067048 0.672067048 0.672067048 0.672067048 0.672067048 0.672067048 0.672067048 0.672067048 0.672067048 0.672067048 0.672067048 0.672067048 0.672067048 0.672067048 0.672067048 0.672067048 0.672067048 0.672067048 0.672067048 0.672067048 0.672067048 0.672067048 0.672067048 0.672067048 0.672067048 0.672067048 0.672067048
S105 0.290540363 0.290540363 0.290540363 0.290540363 0.290540363 0.290540363 0.290540363 0.290540363 0.290540363 0.290540363 0.290540363 0.290540363 0.290540363 0.290540363 0.290540363 0.290540363 0.290540363 0.290540363 0.290540363 0.290540363 0.290540363 0.290540363 0.290540363 0.290540363 0.290540363 0.290540363 0.290540363 0.290540363 0.290540363 0.290540363 0.290540363 0.290540363 0.290540363 0.290540363 0.290540363 0.290540363 0.290540363 0.290540363 0.290540363 0.290540363 0.290540363 0.290540363 0.290540363 0.290540363 0.290540363 0.290540363 0.290540363 0.290540363 0.290540363 0.290540363 0.290540363 0.290540363 0.290540363 0.290540363 0.290540363 0.290540363
S106 0.290540363 0.290540363 0.290540363 0.290540363 0.290540363 0.290540363 0.290540363 0.290540363 0.290540363 0.290540363 0.290540363 0.290540363 0.290540363 0.290540363 0.290540363 0.290540363 0.290540363 0.290540363 0.290540363 0.290540363 0.290540363 0.290540363 0.290540363 0.290540363 0.290540363 0.290540363 0.290540363 0.290540363 0.290540363 0.290540363 0.290540363 0.290540363 0.290540363 0.290540363 0.290540363 0.290540363 0.290540363 0.290540363 0.290540363 0.290540363 0.290540363 0.290540363 0.290540363 0.290540363 0.290540363 0.290540363 0.290540363 0.290540363 0.290540363 0.290540363 0.290540363 0.290540363 0.290540363 0.290540363 0.290540363 0.290540363
S107 0.558448359 0.558448359 0.558448359 0.558448359 0.558448359 0.558448359 0.558448359 0.558448359 0.558448359 0.558448359 0.558448359 0.558448359 0.558448359 0.558448359 0.558448359 0.558448359 0.558448359 0.558448359 0.558448359 0.558448359 0.558448359 0.558448359 0.558448359 0.558448359 0.558448359 0.558448359 0.558448359 0.558448359 0.558448359 0.558448359 0.558448359 0.558448359 0.558448359 0.558448359 0.558448359 0.558448359 0.558448359 0.558448359 0.558448359 0.558448359 0.558448359 0.558448359 0.558448359 0.558448359 0.558448359 0.558448359 0.558448359 0.558448359 0.558448359 0.558448359 0.558448359 0.558448359 0.558448359 0.558448359 0.558448359 0.558448359
S108 0.558448359 0.558448359 0.558448359 0.558448359 0.558448359 0.558448359 0.558448359 0.558448359 0.558448359 0.558448359 0.558448359 0.558448359 0.558448359 0.558448359 0.558448359 0.558448359 0.558448359 0.558448359 0.558448359 0.558448359 0.558448359 0.558448359 0.558448359 0.558448359 0.558448359 0.558448359 0.558448359 0.558448359 0.558448359 0.558448359 0.558448359 0.558448359 0.558448359 0.558448359 0.558448359 0.558448359 0.558448359 0.558448359 0.558448359 0.558448359 0.558448359 0.558448359 0.558448359 0.558448359 0.558448359 0.558448359 0.558448359 0.558448359 0.558448359 0.558448359 0.558448359 0.558448359 0.558448359 0.558448359 0.558448359 0.558448359
[RE1,PWRGEO_A,*,*]:
2015 2016 2017 2018 2019 2020 2021 2022 2023 2024 2025 2026 2027 2028 2029 2030 2031 2032 2033 2034 2035 2036 2037 2038 2039 2040 2041 2042 2043 2044 2045 2046 2047 2048 2049 2050 2051 2052 2053 2054 2055 2056 2057 2058 2059 2060 2061 2062 2063 2064 2065 2066 2067 2068 2069 2070:=
S101 0.794 0.794 0.794 0.794 0.794 0.794 0.794 0.794 0.794 0.794 0.794 0.794 0.794 0.794 0.794 0.794 0.794 0.794 0.794 0.794 0.794 0.794 0.794 0.794 0.794 0.794 0.794 0.794 0.794 0.794 0.794 0.794 0.794 0.794 0.794 0.794 0.794 0.794 0.794 0.794 0.794 0.794 0.794 0.794 0.794 0.794 0.794 0.794 0.794 0.794 0.794 0.794 0.794 0.794 0.794 0.794
S102 0.794 0.794 0.794 0.794 0.794 0.794 0.794 0.794 0.794 0.794 0.794 0.794 0.794 0.794 0.794 0.794 0.794 0.794 0.794 0.794 0.794 0.794 0.794 0.794 0.794 0.794 0.794 0.794 0.794 0.794 0.794 0.794 0.794 0.794 0.794 0.794 0.794 0.794 0.794 0.794 0.794 0.794 0.794 0.794 0.794 0.794 0.794 0.794 0.794 0.794 0.794 0.794 0.794 0.794 0.794 0.794
S103 0.794 0.794 0.794 0.794 0.794 0.794 0.794 0.794 0.794 0.794 0.794 0.794 0.794 0.794 0.794 0.794 0.794 0.794 0.794 0.794 0.794 0.794 0.794 0.794 0.794 0.794 0.794 0.794 0.794 0.794 0.794 0.794 0.794 0.794 0.794 0.794 0.794 0.794 0.794 0.794 0.794 0.794 0.794 0.794 0.794 0.794 0.794 0.794 0.794 0.794 0.794 0.794 0.794 0.794 0.794 0.794
S104 0.794 0.794 0.794 0.794 0.794 0.794 0.794 0.794 0.794 0.794 0.794 0.794 0.794 0.794 0.794 0.794 0.794 0.794 0.794 0.794 0.794 0.794 0.794 0.794 0.794 0.794 0.794 0.794 0.794 0.794 0.794 0.794 0.794 0.794 0.794 0.794 0.794 0.794 0.794 0.794 0.794 0.794 0.794 0.794 0.794 0.794 0.794 0.794 0.794 0.794 0.794 0.794 0.794 0.794 0.794 0.794
S105 0.794 0.794 0.794 0.794 0.794 0.794 0.794 0.794 0.794 0.794 0.794 0.794 0.794 0.794 0.794 0.794 0.794 0.794 0.794 0.794 0.794 0.794 0.794 0.794 0.794 0.794 0.794 0.794 0.794 0.794 0.794 0.794 0.794 0.794 0.794 0.794 0.794 0.794 0.794 0.794 0.794 0.794 0.794 0.794 0.794 0.794 0.794 0.794 0.794 0.794 0.794 0.794 0.794 0.794 0.794 0.794
S106 0.794 0.794 0.794 0.794 0.794 0.794 0.794 0.794 0.794 0.794 0.794 0.794 0.794 0.794 0.794 0.794 0.794 0.794 0.794 0.794 0.794 0.794 0.794 0.794 0.794 0.794 0.794 0.794 0.794 0.794 0.794 0.794 0.794 0.794 0.794 0.794 0.794 0.794 0.794 0.794 0.794 0.794 0.794 0.794 0.794 0.794 0.794 0.794 0.794 0.794 0.794 0.794 0.794 0.794 0.794 0.794
S107 0.794 0.794 0.794 0.794 0.794 0.794 0.794 0.794 0.794 0.794 0.794 0.794 0.794 0.794 0.794 0.794 0.794 0.794 0.794 0.794 0.794 0.794 0.794 0.794 0.794 0.794 0.794 0.794 0.794 0.794 0.794 0.794 0.794 0.794 0.794 0.794 0.794 0.794 0.794 0.794 0.794 0.794 0.794 0.794 0.794 0.794 0.794 0.794 0.794 0.794 0.794 0.794 0.794 0.794 0.794 0.794
S108 0.794 0.794 0.794 0.794 0.794 0.794 0.794 0.794 0.794 0.794 0.794 0.794 0.794 0.794 0.794 0.794 0.794 0.794 0.794 0.794 0.794 0.794 0.794 0.794 0.794 0.794 0.794 0.794 0.794 0.794 0.794 0.794 0.794 0.794 0.794 0.794 0.794 0.794 0.794 0.794 0.794 0.794 0.794 0.794 0.794 0.794 0.794 0.794 0.794 0.794 0.794 0.794 0.794 0.794 0.794 0.794
[RE1,PWRNUC_A,*,*]:
2015 2016 2017 2018 2019 2020 2021 2022 2023 2024 2025 2026 2027 2028 2029 2030 2031 2032 2033 2034 2035 2036 2037 2038 2039 2040 2041 2042 2043 2044 2045 2046 2047 2048 2049 2050 2051 2052 2053 2054 2055 2056 2057 2058 2059 2060 2061 2062 2063 2064 2065 2066 2067 2068 2069 2070:=
S101 0.85 0.85 0.85 0.85 0.85 0.85 0.85 0.85 0.85 0.85 0.85 0.85 0.85 0.85 0.85 0.85 0.85 0.85 0.85 0.85 0.85 0.85 0.85 0.85 0.85 0.85 0.85 0.85 0.85 0.85 0.85 0.85 0.85 0.85 0.85 0.85 0.85 0.85 0.85 0.85 0.85 0.85 0.85 0.85 0.85 0.85 0.85 0.85 0.85 0.85 0.85 0.85 0.85 0.85 0.85 0.85
S102 0.85 0.85 0.85 0.85 0.85 0.85 0.85 0.85 0.85 0.85 0.85 0.85 0.85 0.85 0.85 0.85 0.85 0.85 0.85 0.85 0.85 0.85 0.85 0.85 0.85 0.85 0.85 0.85 0.85 0.85 0.85 0.85 0.85 0.85 0.85 0.85 0.85 0.85 0.85 0.85 0.85 0.85 0.85 0.85 0.85 0.85 0.85 0.85 0.85 0.85 0.85 0.85 0.85 0.85 0.85 0.85
S103 0.85 0.85 0.85 0.85 0.85 0.85 0.85 0.85 0.85 0.85 0.85 0.85 0.85 0.85 0.85 0.85 0.85 0.85 0.85 0.85 0.85 0.85 0.85 0.85 0.85 0.85 0.85 0.85 0.85 0.85 0.85 0.85 0.85 0.85 0.85 0.85 0.85 0.85 0.85 0.85 0.85 0.85 0.85 0.85 0.85 0.85 0.85 0.85 0.85 0.85 0.85 0.85 0.85 0.85 0.85 0.85
S104 0.85 0.85 0.85 0.85 0.85 0.85 0.85 0.85 0.85 0.85 0.85 0.85 0.85 0.85 0.85 0.85 0.85 0.85 0.85 0.85 0.85 0.85 0.85 0.85 0.85 0.85 0.85 0.85 0.85 0.85 0.85 0.85 0.85 0.85 0.85 0.85 0.85 0.85 0.85 0.85 0.85 0.85 0.85 0.85 0.85 0.85 0.85 0.85 0.85 0.85 0.85 0.85 0.85 0.85 0.85 0.85
S105 0.85 0.85 0.85 0.85 0.85 0.85 0.85 0.85 0.85 0.85 0.85 0.85 0.85 0.85 0.85 0.85 0.85 0.85 0.85 0.85 0.85 0.85 0.85 0.85 0.85 0.85 0.85 0.85 0.85 0.85 0.85 0.85 0.85 0.85 0.85 0.85 0.85 0.85 0.85 0.85 0.85 0.85 0.85 0.85 0.85 0.85 0.85 0.85 0.85 0.85 0.85 0.85 0.85 0.85 0.85 0.85
S106 0.85 0.85 0.85 0.85 0.85 0.85 0.85 0.85 0.85 0.85 0.85 0.85 0.85 0.85 0.85 0.85 0.85 0.85 0.85 0.85 0.85 0.85 0.85 0.85 0.85 0.85 0.85 0.85 0.85 0.85 0.85 0.85 0.85 0.85 0.85 0.85 0.85 0.85 0.85 0.85 0.85 0.85 0.85 0.85 0.85 0.85 0.85 0.85 0.85 0.85 0.85 0.85 0.85 0.85 0.85 0.85
S107 0.85 0.85 0.85 0.85 0.85 0.85 0.85 0.85 0.85 0.85 0.85 0.85 0.85 0.85 0.85 0.85 0.85 0.85 0.85 0.85 0.85 0.85 0.85 0.85 0.85 0.85 0.85 0.85 0.85 0.85 0.85 0.85 0.85 0.85 0.85 0.85 0.85 0.85 0.85 0.85 0.85 0.85 0.85 0.85 0.85 0.85 0.85 0.85 0.85 0.85 0.85 0.85 0.85 0.85 0.85 0.85
S108 0.85 0.85 0.85 0.85 0.85 0.85 0.85 0.85 0.85 0.85 0.85 0.85 0.85 0.85 0.85 0.85 0.85 0.85 0.85 0.85 0.85 0.85 0.85 0.85 0.85 0.85 0.85 0.85 0.85 0.85 0.85 0.85 0.85 0.85 0.85 0.85 0.85 0.85 0.85 0.85 0.85 0.85 0.85 0.85 0.85 0.85 0.85 0.85 0.85 0.85 0.85 0.85 0.85 0.85 0.85 0.85
[RE1,PWRSOL_A,*,*]:
2015 2016 2017 2018 2019 2020 2021 2022 2023 2024 2025 2026 2027 2028 2029 2030 2031 2032 2033 2034 2035 2036 2037 2038 2039 2040 2041 2042 2043 2044 2045 2046 2047 2048 2049 2050 2051 2052 2053 2054 2055 2056 2057 2058 2059 2060 2061 2062 2063 2064 2065 2066 2067 2068 2069 2070:=
S101 0 0 0 0 0 0 0 0 0 0 0 0 0 0 0 0 0 0 0 0 0 0 0 0 0 0 0 0 0 0 0 0 0 0 0 0 0 0 0 0 0 0 0 0 0 0 0 0 0 0 0 0 0 0 0 0
S102 0.33512037 0.33512037 0.33512037 0.33512037 0.33512037 0.33512037 0.33512037 0.33512037 0.33512037 0.33512037 0.33512037 0.33512037 0.33512037 0.33512037 0.33512037 0.33512037 0.33512037 0.33512037 0.33512037 0.33512037 0.33512037 0.33512037 0.33512037 0.33512037 0.33512037 0.33512037 0.33512037 0.33512037 0.33512037 0.33512037 0.33512037 0.33512037 0.33512037 0.33512037 0.33512037 0.33512037 0.33512037 0.33512037 0.33512037 0.33512037 0.33512037 0.33512037 0.33512037 0.33512037 0.33512037 0.33512037 0.33512037 0.33512037 0.33512037 0.33512037 0.33512037 0.33512037 0.33512037 0.33512037 0.33512037 0.33512037
S103 0 0 0 0 0 0 0 0 0 0 0 0 0 0 0 0 0 0 0 0 0 0 0 0 0 0 0 0 0 0 0 0 0 0 0 0 0 0 0 0 0 0 0 0 0 0 0 0 0 0 0 0 0 0 0 0
S104 0.302018116 0.302018116 0.302018116 0.302018116 0.302018116 0.302018116 0.302018116 0.302018116 0.302018116 0.302018116 0.302018116 0.302018116 0.302018116 0.302018116 0.302018116 0.302018116 0.302018116 0.302018116 0.302018116 0.302018116 0.302018116 0.302018116 0.302018116 0.302018116 0.302018116 0.302018116 0.302018116 0.302018116 0.302018116 0.302018116 0.302018116 0.302018116 0.302018116 0.302018116 0.302018116 0.302018116 0.302018116 0.302018116 0.302018116 0.302018116 0.302018116 0.302018116 0.302018116 0.302018116 0.302018116 0.302018116 0.302018116 0.302018116 0.302018116 0.302018116 0.302018116 0.302018116 0.302018116 0.302018116 0.302018116 0.302018116
S105 0 0 0 0 0 0 0 0 0 0 0 0 0 0 0 0 0 0 0 0 0 0 0 0 0 0 0 0 0 0 0 0 0 0 0 0 0 0 0 0 0 0 0 0 0 0 0 0 0 0 0 0 0 0 0 0
S106 0.309208333 0.309208333 0.309208333 0.309208333 0.309208333 0.309208333 0.309208333 0.309208333 0.309208333 0.309208333 0.309208333 0.309208333 0.309208333 0.309208333 0.309208333 0.309208333 0.309208333 0.309208333 0.309208333 0.309208333 0.309208333 0.309208333 0.309208333 0.309208333 0.309208333 0.309208333 0.309208333 0.309208333 0.309208333 0.309208333 0.309208333 0.309208333 0.309208333 0.309208333 0.309208333 0.309208333 0.309208333 0.309208333 0.309208333 0.309208333 0.309208333 0.309208333 0.309208333 0.309208333 0.309208333 0.309208333 0.309208333 0.309208333 0.309208333 0.309208333 0.309208333 0.309208333 0.309208333 0.309208333 0.309208333 0.309208333
S107 0 0 0 0 0 0 0 0 0 0 0 0 0 0 0 0 0 0 0 0 0 0 0 0 0 0 0 0 0 0 0 0 0 0 0 0 0 0 0 0 0 0 0 0 0 0 0 0 0 0 0 0 0 0 0 0
S108 0.318684066 0.318684066 0.318684066 0.318684066 0.318684066 0.318684066 0.318684066 0.318684066 0.318684066 0.318684066 0.318684066 0.318684066 0.318684066 0.318684066 0.318684066 0.318684066 0.318684066 0.318684066 0.318684066 0.318684066 0.318684066 0.318684066 0.318684066 0.318684066 0.318684066 0.318684066 0.318684066 0.318684066 0.318684066 0.318684066 0.318684066 0.318684066 0.318684066 0.318684066 0.318684066 0.318684066 0.318684066 0.318684066 0.318684066 0.318684066 0.318684066 0.318684066 0.318684066 0.318684066 0.318684066 0.318684066 0.318684066 0.318684066 0.318684066 0.318684066 0.318684066 0.318684066 0.318684066 0.318684066 0.318684066 0.318684066
[RE2,PWRWND_B,*,*]:
2015 2016 2017 2018 2019 2020 2021 2022 2023 2024 2025 2026 2027 2028 2029 2030 2031 2032 2033 2034 2035 2036 2037 2038 2039 2040 2041 2042 2043 2044 2045 2046 2047 2048 2049 2050 2051 2052 2053 2054 2055 2056 2057 2058 2059 2060 2061 2062 2063 2064 2065 2066 2067 2068 2069 2070:=
S101 0.191144444 0.191144444 0.191144444 0.191144444 0.191144444 0.191144444 0.191144444 0.191144444 0.191144444 0.191144444 0.191144444 0.191144444 0.191144444 0.191144444 0.191144444 0.191144444 0.191144444 0.191144444 0.191144444 0.191144444 0.191144444 0.191144444 0.191144444 0.191144444 0.191144444 0.191144444 0.191144444 0.191144444 0.191144444 0.191144444 0.191144444 0.191144444 0.191144444 0.191144444 0.191144444 0.191144444 0.191144444 0.191144444 0.191144444 0.191144444 0.191144444 0.191144444 0.191144444 0.191144444 0.191144444 0.191144444 0.191144444 0.191144444 0.191144444 0.191144444 0.191144444 0.191144444 0.191144444 0.191144444 0.191144444 0.191144444
S102 0.214233025 0.214233025 0.214233025 0.214233025 0.214233025 0.214233025 0.214233025 0.214233025 0.214233025 0.214233025 0.214233025 0.214233025 0.214233025 0.214233025 0.214233025 0.214233025 0.214233025 0.214233025 0.214233025 0.214233025 0.214233025 0.214233025 0.214233025 0.214233025 0.214233025 0.214233025 0.214233025 0.214233025 0.214233025 0.214233025 0.214233025 0.214233025 0.214233025 0.214233025 0.214233025 0.214233025 0.214233025 0.214233025 0.214233025 0.214233025 0.214233025 0.214233025 0.214233025 0.214233025 0.214233025 0.214233025 0.214233025 0.214233025 0.214233025 0.214233025 0.214233025 0.214233025 0.214233025 0.214233025 0.214233025 0.214233025
S103 0.19665006 0.19665006 0.19665006 0.19665006 0.19665006 0.19665006 0.19665006 0.19665006 0.19665006 0.19665006 0.19665006 0.19665006 0.19665006 0.19665006 0.19665006 0.19665006 0.19665006 0.19665006 0.19665006 0.19665006 0.19665006 0.19665006 0.19665006 0.19665006 0.19665006 0.19665006 0.19665006 0.19665006 0.19665006 0.19665006 0.19665006 0.19665006 0.19665006 0.19665006 0.19665006 0.19665006 0.19665006 0.19665006 0.19665006 0.19665006 0.19665006 0.19665006 0.19665006 0.19665006 0.19665006 0.19665006 0.19665006 0.19665006 0.19665006 0.19665006 0.19665006 0.19665006 0.19665006 0.19665006 0.19665006 0.19665006
S104 0.219770833 0.219770833 0.219770833 0.219770833 0.219770833 0.219770833 0.219770833 0.219770833 0.219770833 0.219770833 0.219770833 0.219770833 0.219770833 0.219770833 0.219770833 0.219770833 0.219770833 0.219770833 0.219770833 0.219770833 0.219770833 0.219770833 0.219770833 0.219770833 0.219770833 0.219770833 0.219770833 0.219770833 0.219770833 0.219770833 0.219770833 0.219770833 0.219770833 0.219770833 0.219770833 0.219770833 0.219770833 0.219770833 0.219770833 0.219770833 0.219770833 0.219770833 0.219770833 0.219770833 0.219770833 0.219770833 0.219770833 0.219770833 0.219770833 0.219770833 0.219770833 0.219770833 0.219770833 0.219770833 0.219770833 0.219770833
S105 0.218094807 0.218094807 0.218094807 0.218094807 0.218094807 0.218094807 0.218094807 0.218094807 0.218094807 0.218094807 0.218094807 0.218094807 0.218094807 0.218094807 0.218094807 0.218094807 0.218094807 0.218094807 0.218094807 0.218094807 0.218094807 0.218094807 0.218094807 0.218094807 0.218094807 0.218094807 0.218094807 0.218094807 0.218094807 0.218094807 0.218094807 0.218094807 0.218094807 0.218094807 0.218094807 0.218094807 0.218094807 0.218094807 0.218094807 0.218094807 0.218094807 0.218094807 0.218094807 0.218094807 0.218094807 0.218094807 0.218094807 0.218094807 0.218094807 0.218094807 0.218094807 0.218094807 0.218094807 0.218094807 0.218094807 0.218094807
S106 0.149673309 0.149673309 0.149673309 0.149673309 0.149673309 0.149673309 0.149673309 0.149673309 0.149673309 0.149673309 0.149673309 0.149673309 0.149673309 0.149673309 0.149673309 0.149673309 0.149673309 0.149673309 0.149673309 0.149673309 0.149673309 0.149673309 0.149673309 0.149673309 0.149673309 0.149673309 0.149673309 0.149673309 0.149673309 0.149673309 0.149673309 0.149673309 0.149673309 0.149673309 0.149673309 0.149673309 0.149673309 0.149673309 0.149673309 0.149673309 0.149673309 0.149673309 0.149673309 0.149673309 0.149673309 0.149673309 0.149673309 0.149673309 0.149673309 0.149673309 0.149673309 0.149673309 0.149673309 0.149673309 0.149673309 0.149673309
S107 0.226881258 0.226881258 0.226881258 0.226881258 0.226881258 0.226881258 0.226881258 0.226881258 0.226881258 0.226881258 0.226881258 0.226881258 0.226881258 0.226881258 0.226881258 0.226881258 0.226881258 0.226881258 0.226881258 0.226881258 0.226881258 0.226881258 0.226881258 0.226881258 0.226881258 0.226881258 0.226881258 0.226881258 0.226881258 0.226881258 0.226881258 0.226881258 0.226881258 0.226881258 0.226881258 0.226881258 0.226881258 0.226881258 0.226881258 0.226881258 0.226881258 0.226881258 0.226881258 0.226881258 0.226881258 0.226881258 0.226881258 0.226881258 0.226881258 0.226881258 0.226881258 0.226881258 0.226881258 0.226881258 0.226881258 0.226881258
S108 0.235435592 0.235435592 0.235435592 0.235435592 0.235435592 0.235435592 0.235435592 0.235435592 0.235435592 0.235435592 0.235435592 0.235435592 0.235435592 0.235435592 0.235435592 0.235435592 0.235435592 0.235435592 0.235435592 0.235435592 0.235435592 0.235435592 0.235435592 0.235435592 0.235435592 0.235435592 0.235435592 0.235435592 0.235435592 0.235435592 0.235435592 0.235435592 0.235435592 0.235435592 0.235435592 0.235435592 0.235435592 0.235435592 0.235435592 0.235435592 0.235435592 0.235435592 0.235435592 0.235435592 0.235435592 0.235435592 0.235435592 0.235435592 0.235435592 0.235435592 0.235435592 0.235435592 0.235435592 0.235435592 0.235435592 0.235435592
;