param VariableCost default 0.0001 :=
[RE1,BACKSTOP_A,*,*]:
2015 2016 2017 2018 2019 2020 2021 2022 2023 2024 2025 2026 2027 2028 2029 2030 2031 2032 2033 2034 2035 2036 2037 2038 2039 2040 2041 2042 2043 2044 2045 2046 2047 2048 2049 2050 2051 2052 2053 2054 2055 2056 2057 2058 2059 2060 2061 2062 2063 2064 2065 2066 2067 2068 2069 2070:=
1 9999999 9999999 9999999 9999999 9999999 9999999 9999999 9999999 9999999 9999999 9999999 9999999 9999999 9999999 9999999 9999999 9999999 9999999 9999999 9999999 9999999 9999999 9999999 9999999 9999999 9999999 9999999 9999999 9999999 9999999 9999999 9999999 9999999 9999999 9999999 9999999 9999999 9999999 9999999 9999999 9999999 9999999 9999999 9999999 9999999 9999999 9999999 9999999 9999999 9999999 9999999 9999999 9999999 9999999 9999999 9999999
[RE1,MINCOA_A,*,*]:
2015 2016 2017 2018 2019 2020 2021 2022 2023 2024 2025 2026 2027 2028 2029 2030 2031 2032 2033 2034 2035 2036 2037 2038 2039 2040 2041 2042 2043 2044 2045 2046 2047 2048 2049 2050 2051 2052 2053 2054 2055 2056 2057 2058 2059 2060 2061 2062 2063 2064 2065 2066 2067 2068 2069 2070:=
1 3.3 3.540101 4.292781 4.226323 4.160099 4.09411 4.029255 3.964608 3.900171 3.835943 3.771924 3.781553 3.79112 3.800627 3.810073 3.819458 3.827672 3.835886 3.8441 3.852314 3.860528 3.860528 3.860528 3.860528 3.860528 3.860528 3.861011 3.861495 3.861979 3.862462 3.862946 3.86343 3.863913 3.864397 3.864881 3.865364 3.865848 3.866332 3.866815 3.867299 3.867782 3.868266 3.86875 3.869233 3.869717 3.870201 3.870684 3.871168 3.871652 3.872135 3.872619 3.873103 3.873586 3.87407 3.874554 3.875037
[RE1,MINOIL_A,*,*]:
2015 2016 2017 2018 2019 2020 2021 2022 2023 2024 2025 2026 2027 2028 2029 2030 2031 2032 2033 2034 2035 2036 2037 2038 2039 2040 2041 2042 2043 2044 2045 2046 2047 2048 2049 2050 2051 2052 2053 2054 2055 2056 2057 2058 2059 2060 2061 2062 2063 2064 2065 2066 2067 2068 2069 2070:=
1 11.95 9.39 7.68 9.73 11.6 11.09 11.192 11.294 11.396 11.498 11.6 11.874 12.148 12.422 12.696 12.97 13.21 13.45 13.69 13.93 14.16 14.4 14.64 14.88 15.12 15.36 15.6 15.84 16.08 16.32 16.55 16.79 17.03 17.27 17.51 17.75 17.99 18.23 18.47 18.71 18.94 19.18 19.42 19.66 19.9 20.14 20.37 20.6 20.83 21.06 21.33 21.57 21.81 22.05 22.29 22.53
[RE1,MINNGS_A,*,*]:
2015 2016 2017 2018 2019 2020 2021 2022 2023 2024 2025 2026 2027 2028 2029 2030 2031 2032 2033 2034 2035 2036 2037 2038 2039 2040 2041 2042 2043 2044 2045 2046 2047 2048 2049 2050 2051 2052 2053 2054 2055 2056 2057 2058 2059 2060 2061 2062 2063 2064 2065 2066 2067 2068 2069 2070:=
1 7.1 6.851255 7.400409 7.872129 8.352484 8.841474 9.189587 9.533479 9.873149 10.2086 10.53983 10.52787 10.51541 10.50245 10.48899 10.47503 10.49732 10.5196 10.54189 10.56418 10.58646 10.65333 10.72019 10.78705 10.85391 10.92077 10.97199 11.0232 11.07441 11.12562 11.17683 11.22804 11.27925 11.33046 11.38167 11.43288 11.48409 11.53531 11.58652 11.63773 11.68894 11.74015 11.79136 11.84257 11.89378 11.94499 11.9962 12.04741 12.09863 12.14984 12.20105 12.25226 12.30347 12.35468 12.40589 12.4571
[RE1,IMPCOA_A,*,*]:
2015 2016 2017 2018 2019 2020 2021 2022 2023 2024 2025 2026 2027 2028 2029 2030 2031 2032 2033 2034 2035 2036 2037 2038 2039 2040 2041 2042 2043 2044 2045 2046 2047 2048 2049 2050 2051 2052 2053 2054 2055 2056 2057 2058 2059 2060 2061 2062 2063 2064 2065 2066 2067 2068 2069 2070:=
1 4.9 5.267155 6.399988 6.313714 6.22744 6.141165 6.054891 5.968617 5.882342 5.796068 5.709793 5.734891 5.759989 5.785087 5.810185 5.835283 5.847832 5.860381 5.87293 5.885479 5.898028 5.898028 5.898028 5.898028 5.898028 5.898028 5.898767 5.899506 5.900245 5.900984 5.901723 5.902462 5.903201 5.90394 5.904679 5.905418 5.906156 5.906895 5.907634 5.908373 5.909112 5.909851 5.91059 5.911329 5.912068 5.912807 5.913546 5.914285 5.915023 5.915762 5.916501 5.91724 5.917979 5.918718 5.919457 5.920196
[RE1,IMPOIL_A,*,*]:
2015 2016 2017 2018 2019 2020 2021 2022 2023 2024 2025 2026 2027 2028 2029 2030 2031 2032 2033 2034 2035 2036 2037 2038 2039 2040 2041 2042 2043 2044 2045 2046 2047 2048 2049 2050 2051 2052 2053 2054 2055 2056 2057 2058 2059 2060 2061 2062 2063 2064 2065 2066 2067 2068 2069 2070:=
1 13.145 10.329 8.448 10.703 12.76 12.199 12.3112 12.4234 12.5356 12.6478 12.76 13.0614 13.3628 13.6642 13.9656 14.267 14.531 14.795 15.059 15.323 15.576 15.84 16.104 16.368 16.632 16.896 17.16 17.424 17.688 17.952 18.205 18.469 18.733 18.997 19.261 19.525 19.789 20.053 20.317 20.581 20.834 21.098 21.362 21.626 21.89 22.154 22.407 22.66 22.913 23.166 23.463 23.727 23.991 24.255 24.519 24.783
[RE1,IMPNGS_A,*,*]:
2015 2016 2017 2018 2019 2020 2021 2022 2023 2024 2025 2026 2027 2028 2029 2030 2031 2032 2033 2034 2035 2036 2037 2038 2039 2040 2041 2042 2043 2044 2045 2046 2047 2048 2049 2050 2051 2052 2053 2054 2055 2056 2057 2058 2059 2060 2061 2062 2063 2064 2065 2066 2067 2068 2069 2070:=
1 9.2 8.7768 9.373774 9.860489 10.3472 10.83392 11.32063 11.80735 12.29406 12.78078 13.2675 13.32518 13.38286 13.44055 13.49823 13.55592 13.58476 13.6136 13.64245 13.67129 13.70013 13.78666 13.87319 13.95971 14.04624 14.13277 14.19904 14.26531 14.33159 14.39786 14.46413 14.5304 14.59668 14.66295 14.72922 14.7955 14.86177 14.92804 14.99431 15.06059 15.12686 15.19313 15.25941 15.32568 15.39195 15.45823 15.5245 15.59077 15.65704 15.72332 15.78959 15.85586 15.92214 15.98841 16.05468 16.12096
[RE1,MINBIO_A,*,*]:
2015 2016 2017 2018 2019 2020 2021 2022 2023 2024 2025 2026 2027 2028 2029 2030 2031 2032 2033 2034 2035 2036 2037 2038 2039 2040 2041 2042 2043 2044 2045 2046 2047 2048 2049 2050 2051 2052 2053 2054 2055 2056 2057 2058 2059 2060 2061 2062 2063 2064 2065 2066 2067 2068 2069 2070:=
1 1.6 1.6 1.6 1.6 1.6 1.6 1.6 1.6 1.6 1.6 1.6 1.6 1.6 1.6 1.6 1.6 1.6 1.6 1.6 1.6 1.6 1.6 1.6 1.6 1.6 1.6 1.6 1.6 1.6 1.6 1.6 1.6 1.6 1.6 1.6 1.6 1.6 1.6 1.6 1.6 1.6 1.6 1.6 1.6 1.6 1.6 1.6 1.6 1.6 1.6 1.6 1.6 1.6 1.6 1.6 1.6
;